(kicad_pcb (version 20171130) (host pcbnew "(5.1.4)-1")

  (general
    (thickness 1.6)
    (drawings 20)
    (tracks 368)
    (zones 0)
    (modules 20)
    (nets 38)
  )

  (page A4)
  (layers
    (0 F.Cu signal)
    (31 B.Cu signal)
    (32 B.Adhes user)
    (33 F.Adhes user)
    (34 B.Paste user)
    (35 F.Paste user)
    (36 B.SilkS user)
    (37 F.SilkS user)
    (38 B.Mask user)
    (39 F.Mask user)
    (40 Dwgs.User user)
    (41 Cmts.User user)
    (42 Eco1.User user)
    (43 Eco2.User user)
    (44 Edge.Cuts user)
    (45 Margin user)
    (46 B.CrtYd user)
    (47 F.CrtYd user)
    (48 B.Fab user)
    (49 F.Fab user)
  )

  (setup
    (last_trace_width 0.25)
    (trace_clearance 0.4)
    (zone_clearance 0.508)
    (zone_45_only no)
    (trace_min 0.2)
    (via_size 0.8)
    (via_drill 0.4)
    (via_min_size 0.4)
    (via_min_drill 0.3)
    (uvia_size 0.3)
    (uvia_drill 0.1)
    (uvias_allowed no)
    (uvia_min_size 0.2)
    (uvia_min_drill 0.1)
    (edge_width 0.05)
    (segment_width 0.2)
    (pcb_text_width 0.3)
    (pcb_text_size 1.5 1.5)
    (mod_edge_width 0.12)
    (mod_text_size 1 1)
    (mod_text_width 0.15)
    (pad_size 1.524 1.524)
    (pad_drill 0.762)
    (pad_to_mask_clearance 0.051)
    (solder_mask_min_width 0.25)
    (aux_axis_origin 0 0)
    (visible_elements 7FFFFFFF)
    (pcbplotparams
      (layerselection 0x010fc_ffffffff)
      (usegerberextensions false)
      (usegerberattributes false)
      (usegerberadvancedattributes false)
      (creategerberjobfile false)
      (excludeedgelayer true)
      (linewidth 0.100000)
      (plotframeref false)
      (viasonmask false)
      (mode 1)
      (useauxorigin false)
      (hpglpennumber 1)
      (hpglpenspeed 20)
      (hpglpendiameter 15.000000)
      (psnegative false)
      (psa4output false)
      (plotreference true)
      (plotvalue true)
      (plotinvisibletext false)
      (padsonsilk false)
      (subtractmaskfromsilk false)
      (outputformat 1)
      (mirror false)
      (drillshape 0)
      (scaleselection 1)
      (outputdirectory ""))
  )

  (net 0 "")
  (net 1 "Net-(J1-Pad1)")
  (net 2 "Net-(J1-Pad2)")
  (net 3 "Net-(J1-Pad3)")
  (net 4 "Net-(J1-Pad4)")
  (net 5 "Net-(J1-Pad5)")
  (net 6 "Net-(J1-Pad6)")
  (net 7 "Net-(J1-Pad7)")
  (net 8 "Net-(J1-Pad8)")
  (net 9 "Net-(J1-Pad9)")
  (net 10 GND)
  (net 11 "Net-(J2-Pad9)")
  (net 12 "Net-(J2-Pad8)")
  (net 13 "Net-(J2-Pad7)")
  (net 14 "Net-(J2-Pad6)")
  (net 15 "Net-(J2-Pad5)")
  (net 16 "Net-(J2-Pad4)")
  (net 17 "Net-(J2-Pad3)")
  (net 18 "Net-(J2-Pad2)")
  (net 19 "Net-(J2-Pad1)")
  (net 20 "Net-(J10-Pad9)")
  (net 21 "Net-(J10-Pad8)")
  (net 22 "Net-(J10-Pad7)")
  (net 23 "Net-(J10-Pad6)")
  (net 24 "Net-(J10-Pad5)")
  (net 25 "Net-(J10-Pad4)")
  (net 26 "Net-(J10-Pad3)")
  (net 27 "Net-(J10-Pad2)")
  (net 28 "Net-(J10-Pad1)")
  (net 29 "Net-(J13-Pad1)")
  (net 30 "Net-(J13-Pad2)")
  (net 31 "Net-(J13-Pad3)")
  (net 32 "Net-(J13-Pad4)")
  (net 33 "Net-(J13-Pad5)")
  (net 34 "Net-(J13-Pad6)")
  (net 35 "Net-(J13-Pad7)")
  (net 36 "Net-(J13-Pad8)")
  (net 37 "Net-(J13-Pad9)")

  (net_class Default "This is the default net class."
    (clearance 0.4)
    (trace_width 0.25)
    (via_dia 0.8)
    (via_drill 0.4)
    (uvia_dia 0.3)
    (uvia_drill 0.1)
    (add_net "Net-(J1-Pad1)")
    (add_net "Net-(J1-Pad2)")
    (add_net "Net-(J1-Pad3)")
    (add_net "Net-(J1-Pad4)")
    (add_net "Net-(J1-Pad5)")
    (add_net "Net-(J1-Pad6)")
    (add_net "Net-(J1-Pad7)")
    (add_net "Net-(J1-Pad8)")
    (add_net "Net-(J1-Pad9)")
    (add_net "Net-(J10-Pad1)")
    (add_net "Net-(J10-Pad2)")
    (add_net "Net-(J10-Pad3)")
    (add_net "Net-(J10-Pad4)")
    (add_net "Net-(J10-Pad5)")
    (add_net "Net-(J10-Pad6)")
    (add_net "Net-(J10-Pad7)")
    (add_net "Net-(J10-Pad8)")
    (add_net "Net-(J10-Pad9)")
    (add_net "Net-(J13-Pad1)")
    (add_net "Net-(J13-Pad2)")
    (add_net "Net-(J13-Pad3)")
    (add_net "Net-(J13-Pad4)")
    (add_net "Net-(J13-Pad5)")
    (add_net "Net-(J13-Pad6)")
    (add_net "Net-(J13-Pad7)")
    (add_net "Net-(J13-Pad8)")
    (add_net "Net-(J13-Pad9)")
    (add_net "Net-(J2-Pad1)")
    (add_net "Net-(J2-Pad2)")
    (add_net "Net-(J2-Pad3)")
    (add_net "Net-(J2-Pad4)")
    (add_net "Net-(J2-Pad5)")
    (add_net "Net-(J2-Pad6)")
    (add_net "Net-(J2-Pad7)")
    (add_net "Net-(J2-Pad8)")
    (add_net "Net-(J2-Pad9)")
  )

  (net_class pOWER ""
    (clearance 1)
    (trace_width 1)
    (via_dia 0.8)
    (via_drill 0.4)
    (uvia_dia 0.3)
    (uvia_drill 0.1)
    (add_net GND)
  )

  (module Connector_Dsub:DSUB-9_Female_Vertical_P2.77x2.84mm_MountingHoles (layer F.Cu) (tedit 59FEDEE2) (tstamp 5ED523FE)
    (at 91.44 133.985)
    (descr "9-pin D-Sub connector, straight/vertical, THT-mount, female, pitch 2.77x2.84mm, distance of mounting holes 25mm, see https://disti-assets.s3.amazonaws.com/tonar/files/datasheets/16730.pdf")
    (tags "9-pin D-Sub connector straight vertical THT female pitch 2.77x2.84mm mounting holes distance 25mm")
    (path /5EDD179E)
    (fp_text reference J7 (at -5.54 -5.89) (layer F.SilkS)
      (effects (font (size 1 1) (thickness 0.15)))
    )
    (fp_text value DB9_Female_MountingHoles (at -5.54 8.73) (layer F.Fab)
      (effects (font (size 1 1) (thickness 0.15)))
    )
    (fp_arc (start -19.965 -3.83) (end -20.965 -3.83) (angle 90) (layer F.Fab) (width 0.1))
    (fp_arc (start 8.885 -3.83) (end 8.885 -4.83) (angle 90) (layer F.Fab) (width 0.1))
    (fp_arc (start -19.965 6.67) (end -20.965 6.67) (angle -90) (layer F.Fab) (width 0.1))
    (fp_arc (start 8.885 6.67) (end 9.885 6.67) (angle 90) (layer F.Fab) (width 0.1))
    (fp_arc (start -19.965 -3.83) (end -21.025 -3.83) (angle 90) (layer F.SilkS) (width 0.12))
    (fp_arc (start 8.885 -3.83) (end 8.885 -4.89) (angle 90) (layer F.SilkS) (width 0.12))
    (fp_arc (start -19.965 6.67) (end -21.025 6.67) (angle -90) (layer F.SilkS) (width 0.12))
    (fp_arc (start 8.885 6.67) (end 9.945 6.67) (angle 90) (layer F.SilkS) (width 0.12))
    (fp_arc (start -11.783194 -0.93) (end -11.783194 -2.53) (angle -100) (layer F.Fab) (width 0.1))
    (fp_arc (start 0.703194 -0.93) (end 0.703194 -2.53) (angle 100) (layer F.Fab) (width 0.1))
    (fp_arc (start -10.954457 3.77) (end -10.954457 5.37) (angle 80) (layer F.Fab) (width 0.1))
    (fp_arc (start -0.125543 3.77) (end -0.125543 5.37) (angle -80) (layer F.Fab) (width 0.1))
    (fp_arc (start -11.771689 -0.93) (end -11.771689 -2.59) (angle -100) (layer F.SilkS) (width 0.12))
    (fp_arc (start 0.691689 -0.93) (end 0.691689 -2.59) (angle 100) (layer F.SilkS) (width 0.12))
    (fp_arc (start -10.942952 3.77) (end -10.942952 5.43) (angle 80) (layer F.SilkS) (width 0.12))
    (fp_arc (start -0.137048 3.77) (end -0.137048 5.43) (angle -80) (layer F.SilkS) (width 0.12))
    (fp_line (start -19.965 -4.83) (end 8.885 -4.83) (layer F.Fab) (width 0.1))
    (fp_line (start 9.885 -3.83) (end 9.885 6.67) (layer F.Fab) (width 0.1))
    (fp_line (start 8.885 7.67) (end -19.965 7.67) (layer F.Fab) (width 0.1))
    (fp_line (start -20.965 6.67) (end -20.965 -3.83) (layer F.Fab) (width 0.1))
    (fp_line (start -19.965 -4.89) (end 8.885 -4.89) (layer F.SilkS) (width 0.12))
    (fp_line (start 9.945 -3.83) (end 9.945 6.67) (layer F.SilkS) (width 0.12))
    (fp_line (start 8.885 7.73) (end -19.965 7.73) (layer F.SilkS) (width 0.12))
    (fp_line (start -21.025 6.67) (end -21.025 -3.83) (layer F.SilkS) (width 0.12))
    (fp_line (start -0.25 -5.784338) (end 0.25 -5.784338) (layer F.SilkS) (width 0.12))
    (fp_line (start 0.25 -5.784338) (end 0 -5.351325) (layer F.SilkS) (width 0.12))
    (fp_line (start 0 -5.351325) (end -0.25 -5.784338) (layer F.SilkS) (width 0.12))
    (fp_line (start -11.783194 -2.53) (end 0.703194 -2.53) (layer F.Fab) (width 0.1))
    (fp_line (start -10.954457 5.37) (end -0.125543 5.37) (layer F.Fab) (width 0.1))
    (fp_line (start 2.278887 -0.652163) (end 1.45015 4.047837) (layer F.Fab) (width 0.1))
    (fp_line (start -13.358887 -0.652163) (end -12.53015 4.047837) (layer F.Fab) (width 0.1))
    (fp_line (start -11.771689 -2.59) (end 0.691689 -2.59) (layer F.SilkS) (width 0.12))
    (fp_line (start -10.942952 5.43) (end -0.137048 5.43) (layer F.SilkS) (width 0.12))
    (fp_line (start 2.32647 -0.641744) (end 1.497733 4.058256) (layer F.SilkS) (width 0.12))
    (fp_line (start -13.40647 -0.641744) (end -12.577733 4.058256) (layer F.SilkS) (width 0.12))
    (fp_line (start -21.5 -5.35) (end -21.5 8.2) (layer F.CrtYd) (width 0.05))
    (fp_line (start -21.5 8.2) (end 10.4 8.2) (layer F.CrtYd) (width 0.05))
    (fp_line (start 10.4 8.2) (end 10.4 -5.35) (layer F.CrtYd) (width 0.05))
    (fp_line (start 10.4 -5.35) (end -21.5 -5.35) (layer F.CrtYd) (width 0.05))
    (fp_text user %R (at -5.54 1.42) (layer F.Fab)
      (effects (font (size 1 1) (thickness 0.15)))
    )
    (pad 1 thru_hole rect (at 0 0) (size 1.6 1.6) (drill 1) (layers *.Cu *.Mask)
      (net 19 "Net-(J2-Pad1)"))
    (pad 2 thru_hole circle (at -2.77 0) (size 1.6 1.6) (drill 1) (layers *.Cu *.Mask)
      (net 18 "Net-(J2-Pad2)"))
    (pad 3 thru_hole circle (at -5.54 0) (size 1.6 1.6) (drill 1) (layers *.Cu *.Mask)
      (net 17 "Net-(J2-Pad3)"))
    (pad 4 thru_hole circle (at -8.31 0) (size 1.6 1.6) (drill 1) (layers *.Cu *.Mask)
      (net 16 "Net-(J2-Pad4)"))
    (pad 5 thru_hole circle (at -11.08 0) (size 1.6 1.6) (drill 1) (layers *.Cu *.Mask)
      (net 15 "Net-(J2-Pad5)"))
    (pad 6 thru_hole circle (at -1.385 2.84) (size 1.6 1.6) (drill 1) (layers *.Cu *.Mask)
      (net 14 "Net-(J2-Pad6)"))
    (pad 7 thru_hole circle (at -4.155 2.84) (size 1.6 1.6) (drill 1) (layers *.Cu *.Mask)
      (net 13 "Net-(J2-Pad7)"))
    (pad 8 thru_hole circle (at -6.925 2.84) (size 1.6 1.6) (drill 1) (layers *.Cu *.Mask)
      (net 12 "Net-(J2-Pad8)"))
    (pad 9 thru_hole circle (at -9.695 2.84) (size 1.6 1.6) (drill 1) (layers *.Cu *.Mask)
      (net 11 "Net-(J2-Pad9)"))
    (pad 0 thru_hole circle (at -18.04 1.42) (size 4 4) (drill 3.2) (layers *.Cu *.Mask)
      (net 10 GND))
    (pad 0 thru_hole circle (at 6.96 1.42) (size 4 4) (drill 3.2) (layers *.Cu *.Mask)
      (net 10 GND))
    (model ${KISYS3DMOD}/Connector_Dsub.3dshapes/DSUB-9_Female_Vertical_P2.77x2.84mm_MountingHoles.wrl
      (at (xyz 0 0 0))
      (scale (xyz 1 1 1))
      (rotate (xyz 0 0 0))
    )
  )

  (module MountingHole:MountingHole_4.3mm_M4_ISO7380_Pad (layer F.Cu) (tedit 56D1B4CB) (tstamp 5EDB3310)
    (at 215.9 151.892)
    (descr "Mounting Hole 4.3mm, M4, ISO7380")
    (tags "mounting hole 4.3mm m4 iso7380")
    (path /5EDB3651)
    (attr virtual)
    (fp_text reference H4 (at 0 -4.8) (layer F.SilkS)
      (effects (font (size 1 1) (thickness 0.15)))
    )
    (fp_text value MountingHole_Pad (at 0 4.8) (layer F.Fab)
      (effects (font (size 1 1) (thickness 0.15)))
    )
    (fp_text user %R (at 0.3 0) (layer F.Fab)
      (effects (font (size 1 1) (thickness 0.15)))
    )
    (fp_circle (center 0 0) (end 3.8 0) (layer Cmts.User) (width 0.15))
    (fp_circle (center 0 0) (end 4.05 0) (layer F.CrtYd) (width 0.05))
    (pad 1 thru_hole circle (at 0 0) (size 7.6 7.6) (drill 4.3) (layers *.Cu *.Mask)
      (net 10 GND))
  )

  (module Connector_Dsub:DSUB-9_Female_Vertical_P2.77x2.84mm_MountingHoles (layer F.Cu) (tedit 59FEDEE2) (tstamp 5ED5118D)
    (at 167.64 36.83)
    (descr "9-pin D-Sub connector, straight/vertical, THT-mount, female, pitch 2.77x2.84mm, distance of mounting holes 25mm, see https://disti-assets.s3.amazonaws.com/tonar/files/datasheets/16730.pdf")
    (tags "9-pin D-Sub connector straight vertical THT female pitch 2.77x2.84mm mounting holes distance 25mm")
    (path /5EDBDB36)
    (fp_text reference J10 (at -5.54 -5.89) (layer F.SilkS)
      (effects (font (size 1 1) (thickness 0.15)))
    )
    (fp_text value DB9_Female_MountingHoles (at -5.54 8.73) (layer F.Fab)
      (effects (font (size 1 1) (thickness 0.15)))
    )
    (fp_text user %R (at -5.54 1.42) (layer F.Fab)
      (effects (font (size 1 1) (thickness 0.15)))
    )
    (fp_line (start 10.4 -5.35) (end -21.5 -5.35) (layer F.CrtYd) (width 0.05))
    (fp_line (start 10.4 8.2) (end 10.4 -5.35) (layer F.CrtYd) (width 0.05))
    (fp_line (start -21.5 8.2) (end 10.4 8.2) (layer F.CrtYd) (width 0.05))
    (fp_line (start -21.5 -5.35) (end -21.5 8.2) (layer F.CrtYd) (width 0.05))
    (fp_line (start -13.40647 -0.641744) (end -12.577733 4.058256) (layer F.SilkS) (width 0.12))
    (fp_line (start 2.32647 -0.641744) (end 1.497733 4.058256) (layer F.SilkS) (width 0.12))
    (fp_line (start -10.942952 5.43) (end -0.137048 5.43) (layer F.SilkS) (width 0.12))
    (fp_line (start -11.771689 -2.59) (end 0.691689 -2.59) (layer F.SilkS) (width 0.12))
    (fp_line (start -13.358887 -0.652163) (end -12.53015 4.047837) (layer F.Fab) (width 0.1))
    (fp_line (start 2.278887 -0.652163) (end 1.45015 4.047837) (layer F.Fab) (width 0.1))
    (fp_line (start -10.954457 5.37) (end -0.125543 5.37) (layer F.Fab) (width 0.1))
    (fp_line (start -11.783194 -2.53) (end 0.703194 -2.53) (layer F.Fab) (width 0.1))
    (fp_line (start 0 -5.351325) (end -0.25 -5.784338) (layer F.SilkS) (width 0.12))
    (fp_line (start 0.25 -5.784338) (end 0 -5.351325) (layer F.SilkS) (width 0.12))
    (fp_line (start -0.25 -5.784338) (end 0.25 -5.784338) (layer F.SilkS) (width 0.12))
    (fp_line (start -21.025 6.67) (end -21.025 -3.83) (layer F.SilkS) (width 0.12))
    (fp_line (start 8.885 7.73) (end -19.965 7.73) (layer F.SilkS) (width 0.12))
    (fp_line (start 9.945 -3.83) (end 9.945 6.67) (layer F.SilkS) (width 0.12))
    (fp_line (start -19.965 -4.89) (end 8.885 -4.89) (layer F.SilkS) (width 0.12))
    (fp_line (start -20.965 6.67) (end -20.965 -3.83) (layer F.Fab) (width 0.1))
    (fp_line (start 8.885 7.67) (end -19.965 7.67) (layer F.Fab) (width 0.1))
    (fp_line (start 9.885 -3.83) (end 9.885 6.67) (layer F.Fab) (width 0.1))
    (fp_line (start -19.965 -4.83) (end 8.885 -4.83) (layer F.Fab) (width 0.1))
    (fp_arc (start -0.137048 3.77) (end -0.137048 5.43) (angle -80) (layer F.SilkS) (width 0.12))
    (fp_arc (start -10.942952 3.77) (end -10.942952 5.43) (angle 80) (layer F.SilkS) (width 0.12))
    (fp_arc (start 0.691689 -0.93) (end 0.691689 -2.59) (angle 100) (layer F.SilkS) (width 0.12))
    (fp_arc (start -11.771689 -0.93) (end -11.771689 -2.59) (angle -100) (layer F.SilkS) (width 0.12))
    (fp_arc (start -0.125543 3.77) (end -0.125543 5.37) (angle -80) (layer F.Fab) (width 0.1))
    (fp_arc (start -10.954457 3.77) (end -10.954457 5.37) (angle 80) (layer F.Fab) (width 0.1))
    (fp_arc (start 0.703194 -0.93) (end 0.703194 -2.53) (angle 100) (layer F.Fab) (width 0.1))
    (fp_arc (start -11.783194 -0.93) (end -11.783194 -2.53) (angle -100) (layer F.Fab) (width 0.1))
    (fp_arc (start 8.885 6.67) (end 9.945 6.67) (angle 90) (layer F.SilkS) (width 0.12))
    (fp_arc (start -19.965 6.67) (end -21.025 6.67) (angle -90) (layer F.SilkS) (width 0.12))
    (fp_arc (start 8.885 -3.83) (end 8.885 -4.89) (angle 90) (layer F.SilkS) (width 0.12))
    (fp_arc (start -19.965 -3.83) (end -21.025 -3.83) (angle 90) (layer F.SilkS) (width 0.12))
    (fp_arc (start 8.885 6.67) (end 9.885 6.67) (angle 90) (layer F.Fab) (width 0.1))
    (fp_arc (start -19.965 6.67) (end -20.965 6.67) (angle -90) (layer F.Fab) (width 0.1))
    (fp_arc (start 8.885 -3.83) (end 8.885 -4.83) (angle 90) (layer F.Fab) (width 0.1))
    (fp_arc (start -19.965 -3.83) (end -20.965 -3.83) (angle 90) (layer F.Fab) (width 0.1))
    (pad 0 thru_hole circle (at 6.96 1.42) (size 4 4) (drill 3.2) (layers *.Cu *.Mask)
      (net 10 GND))
    (pad 0 thru_hole circle (at -18.04 1.42) (size 4 4) (drill 3.2) (layers *.Cu *.Mask)
      (net 10 GND))
    (pad 9 thru_hole circle (at -9.695 2.84) (size 1.6 1.6) (drill 1) (layers *.Cu *.Mask)
      (net 20 "Net-(J10-Pad9)"))
    (pad 8 thru_hole circle (at -6.925 2.84) (size 1.6 1.6) (drill 1) (layers *.Cu *.Mask)
      (net 21 "Net-(J10-Pad8)"))
    (pad 7 thru_hole circle (at -4.155 2.84) (size 1.6 1.6) (drill 1) (layers *.Cu *.Mask)
      (net 22 "Net-(J10-Pad7)"))
    (pad 6 thru_hole circle (at -1.385 2.84) (size 1.6 1.6) (drill 1) (layers *.Cu *.Mask)
      (net 23 "Net-(J10-Pad6)"))
    (pad 5 thru_hole circle (at -11.08 0) (size 1.6 1.6) (drill 1) (layers *.Cu *.Mask)
      (net 24 "Net-(J10-Pad5)"))
    (pad 4 thru_hole circle (at -8.31 0) (size 1.6 1.6) (drill 1) (layers *.Cu *.Mask)
      (net 25 "Net-(J10-Pad4)"))
    (pad 3 thru_hole circle (at -5.54 0) (size 1.6 1.6) (drill 1) (layers *.Cu *.Mask)
      (net 26 "Net-(J10-Pad3)"))
    (pad 2 thru_hole circle (at -2.77 0) (size 1.6 1.6) (drill 1) (layers *.Cu *.Mask)
      (net 27 "Net-(J10-Pad2)"))
    (pad 1 thru_hole rect (at 0 0) (size 1.6 1.6) (drill 1) (layers *.Cu *.Mask)
      (net 28 "Net-(J10-Pad1)"))
    (model ${KISYS3DMOD}/Connector_Dsub.3dshapes/DSUB-9_Female_Vertical_P2.77x2.84mm_MountingHoles.wrl
      (at (xyz 0 0 0))
      (scale (xyz 1 1 1))
      (rotate (xyz 0 0 0))
    )
  )

  (module Connector_Dsub:DSUB-9_Female_Vertical_P2.77x2.84mm_MountingHoles (layer F.Cu) (tedit 59FEDEE2) (tstamp 5ED51049)
    (at 129.54 52.705)
    (descr "9-pin D-Sub connector, straight/vertical, THT-mount, female, pitch 2.77x2.84mm, distance of mounting holes 25mm, see https://disti-assets.s3.amazonaws.com/tonar/files/datasheets/16730.pdf")
    (tags "9-pin D-Sub connector straight vertical THT female pitch 2.77x2.84mm mounting holes distance 25mm")
    (path /5EDC4FF4)
    (fp_text reference J14 (at -5.54 -5.89) (layer F.SilkS)
      (effects (font (size 1 1) (thickness 0.15)))
    )
    (fp_text value DB9_Female_MountingHoles (at -5.54 8.73) (layer F.Fab)
      (effects (font (size 1 1) (thickness 0.15)))
    )
    (fp_arc (start -19.965 -3.83) (end -20.965 -3.83) (angle 90) (layer F.Fab) (width 0.1))
    (fp_arc (start 8.885 -3.83) (end 8.885 -4.83) (angle 90) (layer F.Fab) (width 0.1))
    (fp_arc (start -19.965 6.67) (end -20.965 6.67) (angle -90) (layer F.Fab) (width 0.1))
    (fp_arc (start 8.885 6.67) (end 9.885 6.67) (angle 90) (layer F.Fab) (width 0.1))
    (fp_arc (start -19.965 -3.83) (end -21.025 -3.83) (angle 90) (layer F.SilkS) (width 0.12))
    (fp_arc (start 8.885 -3.83) (end 8.885 -4.89) (angle 90) (layer F.SilkS) (width 0.12))
    (fp_arc (start -19.965 6.67) (end -21.025 6.67) (angle -90) (layer F.SilkS) (width 0.12))
    (fp_arc (start 8.885 6.67) (end 9.945 6.67) (angle 90) (layer F.SilkS) (width 0.12))
    (fp_arc (start -11.783194 -0.93) (end -11.783194 -2.53) (angle -100) (layer F.Fab) (width 0.1))
    (fp_arc (start 0.703194 -0.93) (end 0.703194 -2.53) (angle 100) (layer F.Fab) (width 0.1))
    (fp_arc (start -10.954457 3.77) (end -10.954457 5.37) (angle 80) (layer F.Fab) (width 0.1))
    (fp_arc (start -0.125543 3.77) (end -0.125543 5.37) (angle -80) (layer F.Fab) (width 0.1))
    (fp_arc (start -11.771689 -0.93) (end -11.771689 -2.59) (angle -100) (layer F.SilkS) (width 0.12))
    (fp_arc (start 0.691689 -0.93) (end 0.691689 -2.59) (angle 100) (layer F.SilkS) (width 0.12))
    (fp_arc (start -10.942952 3.77) (end -10.942952 5.43) (angle 80) (layer F.SilkS) (width 0.12))
    (fp_arc (start -0.137048 3.77) (end -0.137048 5.43) (angle -80) (layer F.SilkS) (width 0.12))
    (fp_line (start -19.965 -4.83) (end 8.885 -4.83) (layer F.Fab) (width 0.1))
    (fp_line (start 9.885 -3.83) (end 9.885 6.67) (layer F.Fab) (width 0.1))
    (fp_line (start 8.885 7.67) (end -19.965 7.67) (layer F.Fab) (width 0.1))
    (fp_line (start -20.965 6.67) (end -20.965 -3.83) (layer F.Fab) (width 0.1))
    (fp_line (start -19.965 -4.89) (end 8.885 -4.89) (layer F.SilkS) (width 0.12))
    (fp_line (start 9.945 -3.83) (end 9.945 6.67) (layer F.SilkS) (width 0.12))
    (fp_line (start 8.885 7.73) (end -19.965 7.73) (layer F.SilkS) (width 0.12))
    (fp_line (start -21.025 6.67) (end -21.025 -3.83) (layer F.SilkS) (width 0.12))
    (fp_line (start -0.25 -5.784338) (end 0.25 -5.784338) (layer F.SilkS) (width 0.12))
    (fp_line (start 0.25 -5.784338) (end 0 -5.351325) (layer F.SilkS) (width 0.12))
    (fp_line (start 0 -5.351325) (end -0.25 -5.784338) (layer F.SilkS) (width 0.12))
    (fp_line (start -11.783194 -2.53) (end 0.703194 -2.53) (layer F.Fab) (width 0.1))
    (fp_line (start -10.954457 5.37) (end -0.125543 5.37) (layer F.Fab) (width 0.1))
    (fp_line (start 2.278887 -0.652163) (end 1.45015 4.047837) (layer F.Fab) (width 0.1))
    (fp_line (start -13.358887 -0.652163) (end -12.53015 4.047837) (layer F.Fab) (width 0.1))
    (fp_line (start -11.771689 -2.59) (end 0.691689 -2.59) (layer F.SilkS) (width 0.12))
    (fp_line (start -10.942952 5.43) (end -0.137048 5.43) (layer F.SilkS) (width 0.12))
    (fp_line (start 2.32647 -0.641744) (end 1.497733 4.058256) (layer F.SilkS) (width 0.12))
    (fp_line (start -13.40647 -0.641744) (end -12.577733 4.058256) (layer F.SilkS) (width 0.12))
    (fp_line (start -21.5 -5.35) (end -21.5 8.2) (layer F.CrtYd) (width 0.05))
    (fp_line (start -21.5 8.2) (end 10.4 8.2) (layer F.CrtYd) (width 0.05))
    (fp_line (start 10.4 8.2) (end 10.4 -5.35) (layer F.CrtYd) (width 0.05))
    (fp_line (start 10.4 -5.35) (end -21.5 -5.35) (layer F.CrtYd) (width 0.05))
    (fp_text user %R (at -5.54 1.42) (layer F.Fab)
      (effects (font (size 1 1) (thickness 0.15)))
    )
    (pad 1 thru_hole rect (at 0 0) (size 1.6 1.6) (drill 1) (layers *.Cu *.Mask)
      (net 29 "Net-(J13-Pad1)"))
    (pad 2 thru_hole circle (at -2.77 0) (size 1.6 1.6) (drill 1) (layers *.Cu *.Mask)
      (net 30 "Net-(J13-Pad2)"))
    (pad 3 thru_hole circle (at -5.54 0) (size 1.6 1.6) (drill 1) (layers *.Cu *.Mask)
      (net 31 "Net-(J13-Pad3)"))
    (pad 4 thru_hole circle (at -8.31 0) (size 1.6 1.6) (drill 1) (layers *.Cu *.Mask)
      (net 32 "Net-(J13-Pad4)"))
    (pad 5 thru_hole circle (at -11.08 0) (size 1.6 1.6) (drill 1) (layers *.Cu *.Mask)
      (net 33 "Net-(J13-Pad5)"))
    (pad 6 thru_hole circle (at -1.385 2.84) (size 1.6 1.6) (drill 1) (layers *.Cu *.Mask)
      (net 34 "Net-(J13-Pad6)"))
    (pad 7 thru_hole circle (at -4.155 2.84) (size 1.6 1.6) (drill 1) (layers *.Cu *.Mask)
      (net 35 "Net-(J13-Pad7)"))
    (pad 8 thru_hole circle (at -6.925 2.84) (size 1.6 1.6) (drill 1) (layers *.Cu *.Mask)
      (net 36 "Net-(J13-Pad8)"))
    (pad 9 thru_hole circle (at -9.695 2.84) (size 1.6 1.6) (drill 1) (layers *.Cu *.Mask)
      (net 37 "Net-(J13-Pad9)"))
    (pad 0 thru_hole circle (at -18.04 1.42) (size 4 4) (drill 3.2) (layers *.Cu *.Mask)
      (net 10 GND))
    (pad 0 thru_hole circle (at 6.96 1.42) (size 4 4) (drill 3.2) (layers *.Cu *.Mask)
      (net 10 GND))
    (model ${KISYS3DMOD}/Connector_Dsub.3dshapes/DSUB-9_Female_Vertical_P2.77x2.84mm_MountingHoles.wrl
      (at (xyz 0 0 0))
      (scale (xyz 1 1 1))
      (rotate (xyz 0 0 0))
    )
  )

  (module Connector_Dsub:DSUB-9_Male_Vertical_P2.77x2.84mm_MountingHoles (layer F.Cu) (tedit 59FEDEE2) (tstamp 5ED4FF8C)
    (at 205.74 88.265 180)
    (descr "9-pin D-Sub connector, straight/vertical, THT-mount, male, pitch 2.77x2.84mm, distance of mounting holes 25mm, see https://disti-assets.s3.amazonaws.com/tonar/files/datasheets/16730.pdf")
    (tags "9-pin D-Sub connector straight vertical THT male pitch 2.77x2.84mm mounting holes distance 25mm")
    (path /5ED5603B)
    (fp_text reference J1 (at 5.54 -5.89) (layer F.SilkS)
      (effects (font (size 1 1) (thickness 0.15)))
    )
    (fp_text value DB9_Male_MountingHoles (at 5.54 8.73) (layer F.Fab)
      (effects (font (size 1 1) (thickness 0.15)))
    )
    (fp_arc (start -8.885 -3.83) (end -9.885 -3.83) (angle 90) (layer F.Fab) (width 0.1))
    (fp_arc (start 19.965 -3.83) (end 19.965 -4.83) (angle 90) (layer F.Fab) (width 0.1))
    (fp_arc (start -8.885 6.67) (end -9.885 6.67) (angle -90) (layer F.Fab) (width 0.1))
    (fp_arc (start 19.965 6.67) (end 20.965 6.67) (angle 90) (layer F.Fab) (width 0.1))
    (fp_arc (start -8.885 -3.83) (end -9.945 -3.83) (angle 90) (layer F.SilkS) (width 0.12))
    (fp_arc (start 19.965 -3.83) (end 19.965 -4.89) (angle 90) (layer F.SilkS) (width 0.12))
    (fp_arc (start -8.885 6.67) (end -9.945 6.67) (angle -90) (layer F.SilkS) (width 0.12))
    (fp_arc (start 19.965 6.67) (end 21.025 6.67) (angle 90) (layer F.SilkS) (width 0.12))
    (fp_arc (start -0.703194 -1.13) (end -0.703194 -2.73) (angle -100) (layer F.Fab) (width 0.1))
    (fp_arc (start 11.783194 -1.13) (end 11.783194 -2.73) (angle 100) (layer F.Fab) (width 0.1))
    (fp_arc (start 0.196073 3.97) (end 0.196073 5.57) (angle 80) (layer F.Fab) (width 0.1))
    (fp_arc (start 10.883927 3.97) (end 10.883927 5.57) (angle -80) (layer F.Fab) (width 0.1))
    (fp_arc (start -0.691689 -1.13) (end -0.691689 -2.79) (angle -100) (layer F.SilkS) (width 0.12))
    (fp_arc (start 11.771689 -1.13) (end 11.771689 -2.79) (angle 100) (layer F.SilkS) (width 0.12))
    (fp_arc (start 0.207579 3.97) (end 0.207579 5.63) (angle 80) (layer F.SilkS) (width 0.12))
    (fp_arc (start 10.872421 3.97) (end 10.872421 5.63) (angle -80) (layer F.SilkS) (width 0.12))
    (fp_line (start -8.885 -4.83) (end 19.965 -4.83) (layer F.Fab) (width 0.1))
    (fp_line (start 20.965 -3.83) (end 20.965 6.67) (layer F.Fab) (width 0.1))
    (fp_line (start 19.965 7.67) (end -8.885 7.67) (layer F.Fab) (width 0.1))
    (fp_line (start -9.885 6.67) (end -9.885 -3.83) (layer F.Fab) (width 0.1))
    (fp_line (start -8.885 -4.89) (end 19.965 -4.89) (layer F.SilkS) (width 0.12))
    (fp_line (start 21.025 -3.83) (end 21.025 6.67) (layer F.SilkS) (width 0.12))
    (fp_line (start 19.965 7.73) (end -8.885 7.73) (layer F.SilkS) (width 0.12))
    (fp_line (start -9.945 6.67) (end -9.945 -3.83) (layer F.SilkS) (width 0.12))
    (fp_line (start -0.25 -5.784338) (end 0.25 -5.784338) (layer F.SilkS) (width 0.12))
    (fp_line (start 0.25 -5.784338) (end 0 -5.351325) (layer F.SilkS) (width 0.12))
    (fp_line (start 0 -5.351325) (end -0.25 -5.784338) (layer F.SilkS) (width 0.12))
    (fp_line (start -0.703194 -2.73) (end 11.783194 -2.73) (layer F.Fab) (width 0.1))
    (fp_line (start 0.196073 5.57) (end 10.883927 5.57) (layer F.Fab) (width 0.1))
    (fp_line (start 13.358887 -0.852163) (end 12.459619 4.247837) (layer F.Fab) (width 0.1))
    (fp_line (start -2.278887 -0.852163) (end -1.379619 4.247837) (layer F.Fab) (width 0.1))
    (fp_line (start -0.691689 -2.79) (end 11.771689 -2.79) (layer F.SilkS) (width 0.12))
    (fp_line (start 0.207579 5.63) (end 10.872421 5.63) (layer F.SilkS) (width 0.12))
    (fp_line (start 13.40647 -0.841744) (end 12.507202 4.258256) (layer F.SilkS) (width 0.12))
    (fp_line (start -2.32647 -0.841744) (end -1.427202 4.258256) (layer F.SilkS) (width 0.12))
    (fp_line (start -10.4 -5.35) (end -10.4 8.2) (layer F.CrtYd) (width 0.05))
    (fp_line (start -10.4 8.2) (end 21.5 8.2) (layer F.CrtYd) (width 0.05))
    (fp_line (start 21.5 8.2) (end 21.5 -5.35) (layer F.CrtYd) (width 0.05))
    (fp_line (start 21.5 -5.35) (end -10.4 -5.35) (layer F.CrtYd) (width 0.05))
    (fp_text user %R (at 5.54 1.42) (layer F.Fab)
      (effects (font (size 1 1) (thickness 0.15)))
    )
    (pad 1 thru_hole rect (at 0 0 180) (size 1.6 1.6) (drill 1) (layers *.Cu *.Mask)
      (net 1 "Net-(J1-Pad1)"))
    (pad 2 thru_hole circle (at 2.77 0 180) (size 1.6 1.6) (drill 1) (layers *.Cu *.Mask)
      (net 2 "Net-(J1-Pad2)"))
    (pad 3 thru_hole circle (at 5.54 0 180) (size 1.6 1.6) (drill 1) (layers *.Cu *.Mask)
      (net 3 "Net-(J1-Pad3)"))
    (pad 4 thru_hole circle (at 8.31 0 180) (size 1.6 1.6) (drill 1) (layers *.Cu *.Mask)
      (net 4 "Net-(J1-Pad4)"))
    (pad 5 thru_hole circle (at 11.08 0 180) (size 1.6 1.6) (drill 1) (layers *.Cu *.Mask)
      (net 5 "Net-(J1-Pad5)"))
    (pad 6 thru_hole circle (at 1.385 2.84 180) (size 1.6 1.6) (drill 1) (layers *.Cu *.Mask)
      (net 6 "Net-(J1-Pad6)"))
    (pad 7 thru_hole circle (at 4.155 2.84 180) (size 1.6 1.6) (drill 1) (layers *.Cu *.Mask)
      (net 7 "Net-(J1-Pad7)"))
    (pad 8 thru_hole circle (at 6.925 2.84 180) (size 1.6 1.6) (drill 1) (layers *.Cu *.Mask)
      (net 8 "Net-(J1-Pad8)"))
    (pad 9 thru_hole circle (at 9.695 2.84 180) (size 1.6 1.6) (drill 1) (layers *.Cu *.Mask)
      (net 9 "Net-(J1-Pad9)"))
    (pad 0 thru_hole circle (at -6.96 1.42 180) (size 4 4) (drill 3.2) (layers *.Cu *.Mask)
      (net 10 GND))
    (pad 0 thru_hole circle (at 18.04 1.42 180) (size 4 4) (drill 3.2) (layers *.Cu *.Mask)
      (net 10 GND))
    (model ${KISYS3DMOD}/Connector_Dsub.3dshapes/DSUB-9_Male_Vertical_P2.77x2.84mm_MountingHoles.wrl
      (at (xyz 0 0 0))
      (scale (xyz 1 1 1))
      (rotate (xyz 0 0 0))
    )
  )

  (module Connector_Dsub:DSUB-9_Male_Vertical_P2.77x2.84mm_MountingHoles (layer F.Cu) (tedit 59FEDEE2) (tstamp 5ED4FFC3)
    (at 91.44 88.265 180)
    (descr "9-pin D-Sub connector, straight/vertical, THT-mount, male, pitch 2.77x2.84mm, distance of mounting holes 25mm, see https://disti-assets.s3.amazonaws.com/tonar/files/datasheets/16730.pdf")
    (tags "9-pin D-Sub connector straight vertical THT male pitch 2.77x2.84mm mounting holes distance 25mm")
    (path /5EDD17AA)
    (fp_text reference J2 (at 5.54 -5.89) (layer F.SilkS)
      (effects (font (size 1 1) (thickness 0.15)))
    )
    (fp_text value DB9_Male_MountingHoles (at 5.54 8.73) (layer F.Fab)
      (effects (font (size 1 1) (thickness 0.15)))
    )
    (fp_text user %R (at 5.54 1.42) (layer F.Fab)
      (effects (font (size 1 1) (thickness 0.15)))
    )
    (fp_line (start 21.5 -5.35) (end -10.4 -5.35) (layer F.CrtYd) (width 0.05))
    (fp_line (start 21.5 8.2) (end 21.5 -5.35) (layer F.CrtYd) (width 0.05))
    (fp_line (start -10.4 8.2) (end 21.5 8.2) (layer F.CrtYd) (width 0.05))
    (fp_line (start -10.4 -5.35) (end -10.4 8.2) (layer F.CrtYd) (width 0.05))
    (fp_line (start -2.32647 -0.841744) (end -1.427202 4.258256) (layer F.SilkS) (width 0.12))
    (fp_line (start 13.40647 -0.841744) (end 12.507202 4.258256) (layer F.SilkS) (width 0.12))
    (fp_line (start 0.207579 5.63) (end 10.872421 5.63) (layer F.SilkS) (width 0.12))
    (fp_line (start -0.691689 -2.79) (end 11.771689 -2.79) (layer F.SilkS) (width 0.12))
    (fp_line (start -2.278887 -0.852163) (end -1.379619 4.247837) (layer F.Fab) (width 0.1))
    (fp_line (start 13.358887 -0.852163) (end 12.459619 4.247837) (layer F.Fab) (width 0.1))
    (fp_line (start 0.196073 5.57) (end 10.883927 5.57) (layer F.Fab) (width 0.1))
    (fp_line (start -0.703194 -2.73) (end 11.783194 -2.73) (layer F.Fab) (width 0.1))
    (fp_line (start 0 -5.351325) (end -0.25 -5.784338) (layer F.SilkS) (width 0.12))
    (fp_line (start 0.25 -5.784338) (end 0 -5.351325) (layer F.SilkS) (width 0.12))
    (fp_line (start -0.25 -5.784338) (end 0.25 -5.784338) (layer F.SilkS) (width 0.12))
    (fp_line (start -9.945 6.67) (end -9.945 -3.83) (layer F.SilkS) (width 0.12))
    (fp_line (start 19.965 7.73) (end -8.885 7.73) (layer F.SilkS) (width 0.12))
    (fp_line (start 21.025 -3.83) (end 21.025 6.67) (layer F.SilkS) (width 0.12))
    (fp_line (start -8.885 -4.89) (end 19.965 -4.89) (layer F.SilkS) (width 0.12))
    (fp_line (start -9.885 6.67) (end -9.885 -3.83) (layer F.Fab) (width 0.1))
    (fp_line (start 19.965 7.67) (end -8.885 7.67) (layer F.Fab) (width 0.1))
    (fp_line (start 20.965 -3.83) (end 20.965 6.67) (layer F.Fab) (width 0.1))
    (fp_line (start -8.885 -4.83) (end 19.965 -4.83) (layer F.Fab) (width 0.1))
    (fp_arc (start 10.872421 3.97) (end 10.872421 5.63) (angle -80) (layer F.SilkS) (width 0.12))
    (fp_arc (start 0.207579 3.97) (end 0.207579 5.63) (angle 80) (layer F.SilkS) (width 0.12))
    (fp_arc (start 11.771689 -1.13) (end 11.771689 -2.79) (angle 100) (layer F.SilkS) (width 0.12))
    (fp_arc (start -0.691689 -1.13) (end -0.691689 -2.79) (angle -100) (layer F.SilkS) (width 0.12))
    (fp_arc (start 10.883927 3.97) (end 10.883927 5.57) (angle -80) (layer F.Fab) (width 0.1))
    (fp_arc (start 0.196073 3.97) (end 0.196073 5.57) (angle 80) (layer F.Fab) (width 0.1))
    (fp_arc (start 11.783194 -1.13) (end 11.783194 -2.73) (angle 100) (layer F.Fab) (width 0.1))
    (fp_arc (start -0.703194 -1.13) (end -0.703194 -2.73) (angle -100) (layer F.Fab) (width 0.1))
    (fp_arc (start 19.965 6.67) (end 21.025 6.67) (angle 90) (layer F.SilkS) (width 0.12))
    (fp_arc (start -8.885 6.67) (end -9.945 6.67) (angle -90) (layer F.SilkS) (width 0.12))
    (fp_arc (start 19.965 -3.83) (end 19.965 -4.89) (angle 90) (layer F.SilkS) (width 0.12))
    (fp_arc (start -8.885 -3.83) (end -9.945 -3.83) (angle 90) (layer F.SilkS) (width 0.12))
    (fp_arc (start 19.965 6.67) (end 20.965 6.67) (angle 90) (layer F.Fab) (width 0.1))
    (fp_arc (start -8.885 6.67) (end -9.885 6.67) (angle -90) (layer F.Fab) (width 0.1))
    (fp_arc (start 19.965 -3.83) (end 19.965 -4.83) (angle 90) (layer F.Fab) (width 0.1))
    (fp_arc (start -8.885 -3.83) (end -9.885 -3.83) (angle 90) (layer F.Fab) (width 0.1))
    (pad 0 thru_hole circle (at 18.04 1.42 180) (size 4 4) (drill 3.2) (layers *.Cu *.Mask)
      (net 10 GND))
    (pad 0 thru_hole circle (at -6.96 1.42 180) (size 4 4) (drill 3.2) (layers *.Cu *.Mask)
      (net 10 GND))
    (pad 9 thru_hole circle (at 9.695 2.84 180) (size 1.6 1.6) (drill 1) (layers *.Cu *.Mask)
      (net 11 "Net-(J2-Pad9)"))
    (pad 8 thru_hole circle (at 6.925 2.84 180) (size 1.6 1.6) (drill 1) (layers *.Cu *.Mask)
      (net 12 "Net-(J2-Pad8)"))
    (pad 7 thru_hole circle (at 4.155 2.84 180) (size 1.6 1.6) (drill 1) (layers *.Cu *.Mask)
      (net 13 "Net-(J2-Pad7)"))
    (pad 6 thru_hole circle (at 1.385 2.84 180) (size 1.6 1.6) (drill 1) (layers *.Cu *.Mask)
      (net 14 "Net-(J2-Pad6)"))
    (pad 5 thru_hole circle (at 11.08 0 180) (size 1.6 1.6) (drill 1) (layers *.Cu *.Mask)
      (net 15 "Net-(J2-Pad5)"))
    (pad 4 thru_hole circle (at 8.31 0 180) (size 1.6 1.6) (drill 1) (layers *.Cu *.Mask)
      (net 16 "Net-(J2-Pad4)"))
    (pad 3 thru_hole circle (at 5.54 0 180) (size 1.6 1.6) (drill 1) (layers *.Cu *.Mask)
      (net 17 "Net-(J2-Pad3)"))
    (pad 2 thru_hole circle (at 2.77 0 180) (size 1.6 1.6) (drill 1) (layers *.Cu *.Mask)
      (net 18 "Net-(J2-Pad2)"))
    (pad 1 thru_hole rect (at 0 0 180) (size 1.6 1.6) (drill 1) (layers *.Cu *.Mask)
      (net 19 "Net-(J2-Pad1)"))
    (model ${KISYS3DMOD}/Connector_Dsub.3dshapes/DSUB-9_Male_Vertical_P2.77x2.84mm_MountingHoles.wrl
      (at (xyz 0 0 0))
      (scale (xyz 1 1 1))
      (rotate (xyz 0 0 0))
    )
  )

  (module Connector_Dsub:DSUB-9_Female_Vertical_P2.77x2.84mm_MountingHoles (layer F.Cu) (tedit 59FEDEE2) (tstamp 5ED510EB)
    (at 129.54 36.83)
    (descr "9-pin D-Sub connector, straight/vertical, THT-mount, female, pitch 2.77x2.84mm, distance of mounting holes 25mm, see https://disti-assets.s3.amazonaws.com/tonar/files/datasheets/16730.pdf")
    (tags "9-pin D-Sub connector straight vertical THT female pitch 2.77x2.84mm mounting holes distance 25mm")
    (path /5ED4E025)
    (fp_text reference J3 (at -5.54 -5.89) (layer F.SilkS)
      (effects (font (size 1 1) (thickness 0.15)))
    )
    (fp_text value DB9_Female_MountingHoles (at -5.54 8.73) (layer F.Fab)
      (effects (font (size 1 1) (thickness 0.15)))
    )
    (fp_arc (start -19.965 -3.83) (end -20.965 -3.83) (angle 90) (layer F.Fab) (width 0.1))
    (fp_arc (start 8.885 -3.83) (end 8.885 -4.83) (angle 90) (layer F.Fab) (width 0.1))
    (fp_arc (start -19.965 6.67) (end -20.965 6.67) (angle -90) (layer F.Fab) (width 0.1))
    (fp_arc (start 8.885 6.67) (end 9.885 6.67) (angle 90) (layer F.Fab) (width 0.1))
    (fp_arc (start -19.965 -3.83) (end -21.025 -3.83) (angle 90) (layer F.SilkS) (width 0.12))
    (fp_arc (start 8.885 -3.83) (end 8.885 -4.89) (angle 90) (layer F.SilkS) (width 0.12))
    (fp_arc (start -19.965 6.67) (end -21.025 6.67) (angle -90) (layer F.SilkS) (width 0.12))
    (fp_arc (start 8.885 6.67) (end 9.945 6.67) (angle 90) (layer F.SilkS) (width 0.12))
    (fp_arc (start -11.783194 -0.93) (end -11.783194 -2.53) (angle -100) (layer F.Fab) (width 0.1))
    (fp_arc (start 0.703194 -0.93) (end 0.703194 -2.53) (angle 100) (layer F.Fab) (width 0.1))
    (fp_arc (start -10.954457 3.77) (end -10.954457 5.37) (angle 80) (layer F.Fab) (width 0.1))
    (fp_arc (start -0.125543 3.77) (end -0.125543 5.37) (angle -80) (layer F.Fab) (width 0.1))
    (fp_arc (start -11.771689 -0.93) (end -11.771689 -2.59) (angle -100) (layer F.SilkS) (width 0.12))
    (fp_arc (start 0.691689 -0.93) (end 0.691689 -2.59) (angle 100) (layer F.SilkS) (width 0.12))
    (fp_arc (start -10.942952 3.77) (end -10.942952 5.43) (angle 80) (layer F.SilkS) (width 0.12))
    (fp_arc (start -0.137048 3.77) (end -0.137048 5.43) (angle -80) (layer F.SilkS) (width 0.12))
    (fp_line (start -19.965 -4.83) (end 8.885 -4.83) (layer F.Fab) (width 0.1))
    (fp_line (start 9.885 -3.83) (end 9.885 6.67) (layer F.Fab) (width 0.1))
    (fp_line (start 8.885 7.67) (end -19.965 7.67) (layer F.Fab) (width 0.1))
    (fp_line (start -20.965 6.67) (end -20.965 -3.83) (layer F.Fab) (width 0.1))
    (fp_line (start -19.965 -4.89) (end 8.885 -4.89) (layer F.SilkS) (width 0.12))
    (fp_line (start 9.945 -3.83) (end 9.945 6.67) (layer F.SilkS) (width 0.12))
    (fp_line (start 8.885 7.73) (end -19.965 7.73) (layer F.SilkS) (width 0.12))
    (fp_line (start -21.025 6.67) (end -21.025 -3.83) (layer F.SilkS) (width 0.12))
    (fp_line (start -0.25 -5.784338) (end 0.25 -5.784338) (layer F.SilkS) (width 0.12))
    (fp_line (start 0.25 -5.784338) (end 0 -5.351325) (layer F.SilkS) (width 0.12))
    (fp_line (start 0 -5.351325) (end -0.25 -5.784338) (layer F.SilkS) (width 0.12))
    (fp_line (start -11.783194 -2.53) (end 0.703194 -2.53) (layer F.Fab) (width 0.1))
    (fp_line (start -10.954457 5.37) (end -0.125543 5.37) (layer F.Fab) (width 0.1))
    (fp_line (start 2.278887 -0.652163) (end 1.45015 4.047837) (layer F.Fab) (width 0.1))
    (fp_line (start -13.358887 -0.652163) (end -12.53015 4.047837) (layer F.Fab) (width 0.1))
    (fp_line (start -11.771689 -2.59) (end 0.691689 -2.59) (layer F.SilkS) (width 0.12))
    (fp_line (start -10.942952 5.43) (end -0.137048 5.43) (layer F.SilkS) (width 0.12))
    (fp_line (start 2.32647 -0.641744) (end 1.497733 4.058256) (layer F.SilkS) (width 0.12))
    (fp_line (start -13.40647 -0.641744) (end -12.577733 4.058256) (layer F.SilkS) (width 0.12))
    (fp_line (start -21.5 -5.35) (end -21.5 8.2) (layer F.CrtYd) (width 0.05))
    (fp_line (start -21.5 8.2) (end 10.4 8.2) (layer F.CrtYd) (width 0.05))
    (fp_line (start 10.4 8.2) (end 10.4 -5.35) (layer F.CrtYd) (width 0.05))
    (fp_line (start 10.4 -5.35) (end -21.5 -5.35) (layer F.CrtYd) (width 0.05))
    (fp_text user %R (at -5.54 1.42) (layer F.Fab)
      (effects (font (size 1 1) (thickness 0.15)))
    )
    (pad 1 thru_hole rect (at 0 0) (size 1.6 1.6) (drill 1) (layers *.Cu *.Mask)
      (net 1 "Net-(J1-Pad1)"))
    (pad 2 thru_hole circle (at -2.77 0) (size 1.6 1.6) (drill 1) (layers *.Cu *.Mask)
      (net 2 "Net-(J1-Pad2)"))
    (pad 3 thru_hole circle (at -5.54 0) (size 1.6 1.6) (drill 1) (layers *.Cu *.Mask)
      (net 3 "Net-(J1-Pad3)"))
    (pad 4 thru_hole circle (at -8.31 0) (size 1.6 1.6) (drill 1) (layers *.Cu *.Mask)
      (net 4 "Net-(J1-Pad4)"))
    (pad 5 thru_hole circle (at -11.08 0) (size 1.6 1.6) (drill 1) (layers *.Cu *.Mask)
      (net 5 "Net-(J1-Pad5)"))
    (pad 6 thru_hole circle (at -1.385 2.84) (size 1.6 1.6) (drill 1) (layers *.Cu *.Mask)
      (net 6 "Net-(J1-Pad6)"))
    (pad 7 thru_hole circle (at -4.155 2.84) (size 1.6 1.6) (drill 1) (layers *.Cu *.Mask)
      (net 7 "Net-(J1-Pad7)"))
    (pad 8 thru_hole circle (at -6.925 2.84) (size 1.6 1.6) (drill 1) (layers *.Cu *.Mask)
      (net 8 "Net-(J1-Pad8)"))
    (pad 9 thru_hole circle (at -9.695 2.84) (size 1.6 1.6) (drill 1) (layers *.Cu *.Mask)
      (net 9 "Net-(J1-Pad9)"))
    (pad 0 thru_hole circle (at -18.04 1.42) (size 4 4) (drill 3.2) (layers *.Cu *.Mask)
      (net 10 GND))
    (pad 0 thru_hole circle (at 6.96 1.42) (size 4 4) (drill 3.2) (layers *.Cu *.Mask)
      (net 10 GND))
    (model ${KISYS3DMOD}/Connector_Dsub.3dshapes/DSUB-9_Female_Vertical_P2.77x2.84mm_MountingHoles.wrl
      (at (xyz 0 0 0))
      (scale (xyz 1 1 1))
      (rotate (xyz 0 0 0))
    )
