(kicad_pcb (version 20171130) (host pcbnew "(5.1.2)-2")

  (general
    (thickness 1.6)
    (drawings 4)
    (tracks 0)
    (zones 0)
    (modules 19)
    (nets 11)
  )

  (page A4)
  (layers
    (0 F.Cu signal)
    (31 B.Cu signal)
    (32 B.Adhes user)
    (33 F.Adhes user)
    (34 B.Paste user)
    (35 F.Paste user)
    (36 B.SilkS user)
    (37 F.SilkS user)
    (38 B.Mask user)
    (39 F.Mask user)
    (40 Dwgs.User user)
    (41 Cmts.User user)
    (42 Eco1.User user)
    (43 Eco2.User user)
    (44 Edge.Cuts user)
    (45 Margin user)
    (46 B.CrtYd user)
    (47 F.CrtYd user)
    (48 B.Fab user)
    (49 F.Fab user)
  )

  (setup
    (last_trace_width 0.25)
    (trace_clearance 0.2)
    (zone_clearance 0.508)
    (zone_45_only no)
    (trace_min 0.2)
    (via_size 0.8)
    (via_drill 0.4)
    (via_min_size 0.4)
    (via_min_drill 0.3)
    (uvia_size 0.3)
    (uvia_drill 0.1)
    (uvias_allowed no)
    (uvia_min_size 0.2)
    (uvia_min_drill 0.1)
    (edge_width 0.05)
    (segment_width 0.2)
    (pcb_text_width 0.3)
    (pcb_text_size 1.5 1.5)
    (mod_edge_width 0.12)
    (mod_text_size 1 1)
    (mod_text_width 0.15)
    (pad_size 1.524 1.524)
    (pad_drill 0.762)
    (pad_to_mask_clearance 0.051)
    (solder_mask_min_width 0.25)
    (aux_axis_origin 0 0)
    (visible_elements FFFFFF7F)
    (pcbplotparams
      (layerselection 0x010fc_ffffffff)
      (usegerberextensions false)
      (usegerberattributes false)
      (usegerberadvancedattributes false)
      (creategerberjobfile false)
      (excludeedgelayer true)
      (linewidth 0.100000)
      (plotframeref false)
      (viasonmask false)
      (mode 1)
      (useauxorigin false)
      (hpglpennumber 1)
      (hpglpenspeed 20)
      (hpglpendiameter 15.000000)
      (psnegative false)
      (psa4output false)
      (plotreference true)
      (plotvalue true)
      (plotinvisibletext false)
      (padsonsilk false)
      (subtractmaskfromsilk false)
      (outputformat 1)
      (mirror false)
      (drillshape 1)
      (scaleselection 1)
      (outputdirectory ""))
  )

  (net 0 "")
  (net 1 GND)
  (net 2 "Net-(C1-Pad1)")
  (net 3 "Net-(C5-Pad1)")
  (net 4 "Net-(C5-Pad2)")
  (net 5 "Net-(C6-Pad1)")
  (net 6 "Net-(C7-Pad1)")
  (net 7 /12V+)
  (net 8 "Net-(IC1-Pad3)")
  (net 9 "Net-(IC1-Pad4)")
  (net 10 /FB)

  (net_class Default "This is the default net class."
    (clearance 0.2)
    (trace_width 0.25)
    (via_dia 0.8)
    (via_drill 0.4)
    (uvia_dia 0.3)
    (uvia_drill 0.1)
    (add_net /12V+)
    (add_net /FB)
    (add_net GND)
    (add_net "Net-(C1-Pad1)")
    (add_net "Net-(C5-Pad1)")
    (add_net "Net-(C5-Pad2)")
    (add_net "Net-(C6-Pad1)")
    (add_net "Net-(C7-Pad1)")
    (add_net "Net-(IC1-Pad3)")
    (add_net "Net-(IC1-Pad4)")
  )

  (module SamacSys_Parts:CAPC3225X280N (layer F.Cu) (tedit 5E5A1D3A) (tstamp 5E5DDC79)
    (at 193 93.46 90)
    (descr "1210 (3225) (M)")
    (tags Capacitor)
    (path /5E5E84E1)
    (attr smd)
    (fp_text reference C1 (at 0 0 90) (layer F.SilkS)
      (effects (font (size 1.27 1.27) (thickness 0.254)))
    )
    (fp_text value 1210B225K101CT (at 0 0 90) (layer F.SilkS) hide
      (effects (font (size 1.27 1.27) (thickness 0.254)))
    )
    (fp_line (start 0 -1.15) (end 0 1.15) (layer F.SilkS) (width 0.2))
    (fp_line (start -1.6 1.25) (end -1.6 -1.25) (layer Dwgs.User) (width 0.1))
    (fp_line (start 1.6 1.25) (end -1.6 1.25) (layer Dwgs.User) (width 0.1))
    (fp_line (start 1.6 -1.25) (end 1.6 1.25) (layer Dwgs.User) (width 0.1))
    (fp_line (start -1.6 -1.25) (end 1.6 -1.25) (layer Dwgs.User) (width 0.1))
    (fp_line (start -2.155 1.56) (end -2.155 -1.56) (layer Dwgs.User) (width 0.05))
    (fp_line (start 2.155 1.56) (end -2.155 1.56) (layer Dwgs.User) (width 0.05))
    (fp_line (start 2.155 -1.56) (end 2.155 1.56) (layer Dwgs.User) (width 0.05))
    (fp_line (start -2.155 -1.56) (end 2.155 -1.56) (layer Dwgs.User) (width 0.05))
    (pad 2 smd rect (at 1.29 0 90) (size 1.43 2.82) (layers F.Cu F.Paste F.Mask)
      (net 1 GND))
    (pad 1 smd rect (at -1.29 0 90) (size 1.43 2.82) (layers F.Cu F.Paste F.Mask)
      (net 2 "Net-(C1-Pad1)"))
  )

  (module SamacSys_Parts:CAPC3225X280N (layer F.Cu) (tedit 5E5A1D3A) (tstamp 5E5DDC88)
    (at 189.75 93.46 90)
    (descr "1210 (3225) (M)")
    (tags Capacitor)
    (path /5E5E7AAC)
    (attr smd)
    (fp_text reference C2 (at 0 0 90) (layer F.SilkS)
      (effects (font (size 1.27 1.27) (thickness 0.254)))
    )
    (fp_text value 1210B225K101CT (at 0 0 90) (layer F.SilkS) hide
      (effects (font (size 1.27 1.27) (thickness 0.254)))
    )
    (fp_line (start -2.155 -1.56) (end 2.155 -1.56) (layer Dwgs.User) (width 0.05))
    (fp_line (start 2.155 -1.56) (end 2.155 1.56) (layer Dwgs.User) (width 0.05))
    (fp_line (start 2.155 1.56) (end -2.155 1.56) (layer Dwgs.User) (width 0.05))
    (fp_line (start -2.155 1.56) (end -2.155 -1.56) (layer Dwgs.User) (width 0.05))
    (fp_line (start -1.6 -1.25) (end 1.6 -1.25) (layer Dwgs.User) (width 0.1))
    (fp_line (start 1.6 -1.25) (end 1.6 1.25) (layer Dwgs.User) (width 0.1))
    (fp_line (start 1.6 1.25) (end -1.6 1.25) (layer Dwgs.User) (width 0.1))
    (fp_line (start -1.6 1.25) (end -1.6 -1.25) (layer Dwgs.User) (width 0.1))
    (fp_line (start 0 -1.15) (end 0 1.15) (layer F.SilkS) (width 0.2))
    (pad 1 smd rect (at -1.29 0 90) (size 1.43 2.82) (layers F.Cu F.Paste F.Mask)
      (net 2 "Net-(C1-Pad1)"))
    (pad 2 smd rect (at 1.29 0 90) (size 1.43 2.82) (layers F.Cu F.Paste F.Mask)
      (net 1 GND))
  )

  (module SamacSys_Parts:CAPC3225X280N (layer F.Cu) (tedit 5E5A1D3A) (tstamp 5E5DDC97)
    (at 186.5 93.46 90)
    (descr "1210 (3225) (M)")
    (tags Capacitor)
    (path /5E5E59EE)
    (attr smd)
    (fp_text reference C3 (at 0 0 90) (layer F.SilkS)
      (effects (font (size 1.27 1.27) (thickness 0.254)))
    )
    (fp_text value 1210B225K101CT (at 0 0 90) (layer F.SilkS) hide
      (effects (font (size 1.27 1.27) (thickness 0.254)))
    )
    (fp_line (start 0 -1.15) (end 0 1.15) (layer F.SilkS) (width 0.2))
    (fp_line (start -1.6 1.25) (end -1.6 -1.25) (layer Dwgs.User) (width 0.1))
    (fp_line (start 1.6 1.25) (end -1.6 1.25) (layer Dwgs.User) (width 0.1))
    (fp_line (start 1.6 -1.25) (end 1.6 1.25) (layer Dwgs.User) (width 0.1))
    (fp_line (start -1.6 -1.25) (end 1.6 -1.25) (layer Dwgs.User) (width 0.1))
    (fp_line (start -2.155 1.56) (end -2.155 -1.56) (layer Dwgs.User) (width 0.05))
    (fp_line (start 2.155 1.56) (end -2.155 1.56) (layer Dwgs.User) (width 0.05))
    (fp_line (start 2.155 -1.56) (end 2.155 1.56) (layer Dwgs.User) (width 0.05))
    (fp_line (start -2.155 -1.56) (end 2.155 -1.56) (layer Dwgs.User) (width 0.05))
    (pad 2 smd rect (at 1.29 0 90) (size 1.43 2.82) (layers F.Cu F.Paste F.Mask)
      (net 1 GND))
    (pad 1 smd rect (at -1.29 0 90) (size 1.43 2.82) (layers F.Cu F.Paste F.Mask)
      (net 2 "Net-(C1-Pad1)"))
  )

  (module SamacSys_Parts:CAPC3225X280N (layer F.Cu) (tedit 5E5A1D3A) (tstamp 5E5DDCA6)
    (at 196.25 93.46 90)
    (descr "1210 (3225) (M)")
    (tags Capacitor)
    (path /5E5E4250)
    (attr smd)
    (fp_text reference C4 (at 0 0 90) (layer F.SilkS)
      (effects (font (size 1.27 1.27) (thickness 0.254)))
    )
    (fp_text value 1210B225K101CT (at 0 0 90) (layer F.SilkS) hide
      (effects (font (size 1.27 1.27) (thickness 0.254)))
    )
    (fp_line (start -2.155 -1.56) (end 2.155 -1.56) (layer Dwgs.User) (width 0.05))
    (fp_line (start 2.155 -1.56) (end 2.155 1.56) (layer Dwgs.User) (width 0.05))
    (fp_line (start 2.155 1.56) (end -2.155 1.56) (layer Dwgs.User) (width 0.05))
    (fp_line (start -2.155 1.56) (end -2.155 -1.56) (layer Dwgs.User) (width 0.05))
    (fp_line (start -1.6 -1.25) (end 1.6 -1.25) (layer Dwgs.User) (width 0.1))
    (fp_line (start 1.6 -1.25) (end 1.6 1.25) (layer Dwgs.User) (width 0.1))
    (fp_line (start 1.6 1.25) (end -1.6 1.25) (layer Dwgs.User) (width 0.1))
    (fp_line (start -1.6 1.25) (end -1.6 -1.25) (layer Dwgs.User) (width 0.1))
    (fp_line (start 0 -1.15) (end 0 1.15) (layer F.SilkS) (width 0.2))
    (pad 1 smd rect (at -1.29 0 90) (size 1.43 2.82) (layers F.Cu F.Paste F.Mask)
      (net 2 "Net-(C1-Pad1)"))
    (pad 2 smd rect (at 1.29 0 90) (size 1.43 2.82) (layers F.Cu F.Paste F.Mask)
      (net 1 GND))
  )

  (module Capacitor_SMD:C_0603_1608Metric (layer F.Cu) (tedit 5B301BBE) (tstamp 5E5DDCB7)
    (at 167.115001 91.245001)
    (descr "Capacitor SMD 0603 (1608 Metric), square (rectangular) end terminal, IPC_7351 nominal, (Body size source: http://www.tortai-tech.com/upload/download/2011102023233369053.pdf), generated with kicad-footprint-generator")
    (tags capacitor)
    (path /5E6159E1)
    (attr smd)
    (fp_text reference C5 (at 0 -1.43) (layer F.SilkS)
      (effects (font (size 1 1) (thickness 0.15)))
    )
    (fp_text value 100nF_min8V (at 0 1.43) (layer F.Fab)
      (effects (font (size 1 1) (thickness 0.15)))
    )
    (fp_line (start -0.8 0.4) (end -0.8 -0.4) (layer F.Fab) (width 0.1))
    (fp_line (start -0.8 -0.4) (end 0.8 -0.4) (layer F.Fab) (width 0.1))
    (fp_line (start 0.8 -0.4) (end 0.8 0.4) (layer F.Fab) (width 0.1))
    (fp_line (start 0.8 0.4) (end -0.8 0.4) (layer F.Fab) (width 0.1))
    (fp_line (start -0.162779 -0.51) (end 0.162779 -0.51) (layer F.SilkS) (width 0.12))
    (fp_line (start -0.162779 0.51) (end 0.162779 0.51) (layer F.SilkS) (width 0.12))
    (fp_line (start -1.48 0.73) (end -1.48 -0.73) (layer F.CrtYd) (width 0.05))
    (fp_line (start -1.48 -0.73) (end 1.48 -0.73) (layer F.CrtYd) (width 0.05))
    (fp_line (start 1.48 -0.73) (end 1.48 0.73) (layer F.CrtYd) (width 0.05))
    (fp_line (start 1.48 0.73) (end -1.48 0.73) (layer F.CrtYd) (width 0.05))
    (fp_text user %R (at 0 0) (layer F.Fab)
      (effects (font (size 0.4 0.4) (thickness 0.06)))
    )
    (pad 1 smd roundrect (at -0.7875 0) (size 0.875 0.95) (layers F.Cu F.Paste F.Mask) (roundrect_rratio 0.25)
      (net 3 "Net-(C5-Pad1)"))
    (pad 2 smd roundrect (at 0.7875 0) (size 0.875 0.95) (layers F.Cu F.Paste F.Mask) (roundrect_rratio 0.25)
      (net 4 "Net-(C5-Pad2)"))
    (model ${KISYS3DMOD}/Capacitor_SMD.3dshapes/C_0603_1608Metric.wrl
      (at (xyz 0 0 0))
      (scale (xyz 1 1 1))
      (rotate (xyz 0 0 0))
    )
  )

  (module Capacitor_SMD:C_0603_1608Metric (layer F.Cu) (tedit 5B301BBE) (tstamp 5E5DDCC8)
    (at 172.225001 86.955001)
    (descr "Capacitor SMD 0603 (1608 Metric), square (rectangular) end terminal, IPC_7351 nominal, (Body size source: http://www.tortai-tech.com/upload/download/2011102023233369053.pdf), generated with kicad-footprint-generator")
    (tags capacitor)
    (path /5E605B49)
    (attr smd)
    (fp_text reference C6 (at 0 -1.43) (layer F.SilkS)
      (effects (font (size 1 1) (thickness 0.15)))
    )
    (fp_text value 4700pF (at 0 1.43) (layer F.Fab)
      (effects (font (size 1 1) (thickness 0.15)))
    )
    (fp_line (start -0.8 0.4) (end -0.8 -0.4) (layer F.Fab) (width 0.1))
    (fp_line (start -0.8 -0.4) (end 0.8 -0.4) (layer F.Fab) (width 0.1))
    (fp_line (start 0.8 -0.4) (end 0.8 0.4) (layer F.Fab) (width 0.1))
    (fp_line (start 0.8 0.4) (end -0.8 0.4) (layer F.Fab) (width 0.1))
    (fp_line (start -0.162779 -0.51) (end 0.162779 -0.51) (layer F.SilkS) (width 0.12))
    (fp_line (start -0.162779 0.51) (end 0.162779 0.51) (layer F.SilkS) (width 0.12))
    (fp_line (start -1.48 0.73) (end -1.48 -0.73) (layer F.CrtYd) (width 0.05))
    (fp_line (start -1.48 -0.73) (end 1.48 -0.73) (layer F.CrtYd) (width 0.05))
    (fp_line (start 1.48 -0.73) (end 1.48 0.73) (layer F.CrtYd) (width 0.05))
    (fp_line (start 1.48 0.73) (end -1.48 0.73) (layer F.CrtYd) (width 0.05))
    (fp_text user %R (at 0 0) (layer F.Fab)
      (effects (font (size 0.4 0.4) (thickness 0.06)))
    )
    (pad 1 smd roundrect (at -0.7875 0) (size 0.875 0.95) (layers F.Cu F.Paste F.Mask) (roundrect_rratio 0.25)
      (net 5 "Net-(C6-Pad1)"))
    (pad 2 smd roundrect (at 0.7875 0) (size 0.875 0.95) (layers F.Cu F.Paste F.Mask) (roundrect_rratio 0.25)
      (net 1 GND))
    (model ${KISYS3DMOD}/Capacitor_SMD.3dshapes/C_0603_1608Metric.wrl
      (at (xyz 0 0 0))
      (scale (xyz 1 1 1))
      (rotate (xyz 0 0 0))
    )
  )

  (module Capacitor_SMD:C_0603_1608Metric (layer F.Cu) (tedit 5B301BBE) (tstamp 5E5DDCD9)
    (at 172.225001 84.445001)
    (descr "Capacitor SMD 0603 (1608 Metric), square (rectangular) end terminal, IPC_7351 nominal, (Body size source: http://www.tortai-tech.com/upload/download/2011102023233369053.pdf), generated with kicad-footprint-generator")
    (tags capacitor)
    (path /5E612638)
    (attr smd)
    (fp_text reference C7 (at 0 -1.43) (layer F.SilkS)
      (effects (font (size 1 1) (thickness 0.15)))
    )
    (fp_text value 47pF (at 0 1.43) (layer F.Fab)
      (effects (font (size 1 1) (thickness 0.15)))
    )
    (fp_text user %R (at 0 0) (layer F.Fab)
      (effects (font (size 0.4 0.4) (thickness 0.06)))
    )
    (fp_line (start 1.48 0.73) (end -1.48 0.73) (layer F.CrtYd) (width 0.05))
    (fp_line (start 1.48 -0.73) (end 1.48 0.73) (layer F.CrtYd) (width 0.05))
    (fp_line (start -1.48 -0.73) (end 1.48 -0.73) (layer F.CrtYd) (width 0.05))
    (fp_line (start -1.48 0.73) (end -1.48 -0.73) (layer F.CrtYd) (width 0.05))
    (fp_line (start -0.162779 0.51) (end 0.162779 0.51) (layer F.SilkS) (width 0.12))
    (fp_line (start -0.162779 -0.51) (end 0.162779 -0.51) (layer F.SilkS) (width 0.12))
    (fp_line (start 0.8 0.4) (end -0.8 0.4) (layer F.Fab) (width 0.1))
    (fp_line (start 0.8 -0.4) (end 0.8 0.4) (layer F.Fab) (width 0.1))
    (fp_line (start -0.8 -0.4) (end 0.8 -0.4) (layer F.Fab) (width 0.1))
    (fp_line (start -0.8 0.4) (end -0.8 -0.4) (layer F.Fab) (width 0.1))
    (pad 2 smd roundrect (at 0.7875 0) (size 0.875 0.95) (layers F.Cu F.Paste F.Mask) (roundrect_rratio 0.25)
      (net 1 GND))
    (pad 1 smd roundrect (at -0.7875 0) (size 0.875 0.95) (layers F.Cu F.Paste F.Mask) (roundrect_rratio 0.25)
      (net 6 "Net-(C7-Pad1)"))
    (model ${KISYS3DMOD}/Capacitor_SMD.3dshapes/C_0603_1608Metric.wrl
      (at (xyz 0 0 0))
      (scale (xyz 1 1 1))
      (rotate (xyz 0 0 0))
    )
  )

  (module SamacSys_Parts:CAPC3225X270N (layer F.Cu) (tedit 5E5A2049) (tstamp 5E5DDCE8)
    (at 187.5 85.15 270)
    (descr 1210)
    (tags Capacitor)
    (path /5E5EAE12)
    (attr smd)
    (fp_text reference C8 (at 0 0 90) (layer F.SilkS)
      (effects (font (size 1.27 1.27) (thickness 0.254)))
    )
    (fp_text value EMK325BJ226KM-P (at 0 0 90) (layer F.SilkS) hide
      (effects (font (size 1.27 1.27) (thickness 0.254)))
    )
    (fp_line (start -2.11 -1.51) (end 2.11 -1.51) (layer Dwgs.User) (width 0.05))
    (fp_line (start 2.11 -1.51) (end 2.11 1.51) (layer Dwgs.User) (width 0.05))
    (fp_line (start 2.11 1.51) (end -2.11 1.51) (layer Dwgs.User) (width 0.05))
    (fp_line (start -2.11 1.51) (end -2.11 -1.51) (layer Dwgs.User) (width 0.05))
    (fp_line (start -1.6 -1.25) (end 1.6 -1.25) (layer Dwgs.User) (width 0.1))
    (fp_line (start 1.6 -1.25) (end 1.6 1.25) (layer Dwgs.User) (width 0.1))
    (fp_line (start 1.6 1.25) (end -1.6 1.25) (layer Dwgs.User) (width 0.1))
    (fp_line (start -1.6 1.25) (end -1.6 -1.25) (layer Dwgs.User) (width 0.1))
    (fp_line (start 0 -1.15) (end 0 1.15) (layer F.SilkS) (width 0.2))
    (pad 1 smd rect (at -1.35 0 270) (size 1.22 2.72) (layers F.Cu F.Paste F.Mask)
      (net 7 /12V+))
    (pad 2 smd rect (at 1.35 0 270) (size 1.22 2.72) (layers F.Cu F.Paste F.Mask)
      (net 1 GND))
  )

  (module SamacSys_Parts:CAPC3225X270N (layer F.Cu) (tedit 5E5A2049) (tstamp 5E5DDCF7)
    (at 190.75 85.15 270)
    (descr 1210)
    (tags Capacitor)
    (path /5E5EC1C5)
    (attr smd)
    (fp_text reference C9 (at 0 0 90) (layer F.SilkS)
      (effects (font (size 1.27 1.27) (thickness 0.254)))
    )
    (fp_text value EMK325BJ226KM-P (at 0 0 90) (layer F.SilkS) hide
      (effects (font (size 1.27 1.27) (thickness 0.254)))
    )
    (fp_line (start 0 -1.15) (end 0 1.15) (layer F.SilkS) (width 0.2))
    (fp_line (start -1.6 1.25) (end -1.6 -1.25) (layer Dwgs.User) (width 0.1))
    (fp_line (start 1.6 1.25) (end -1.6 1.25) (layer Dwgs.User) (width 0.1))
    (fp_line (start 1.6 -1.25) (end 1.6 1.25) (layer Dwgs.User) (width 0.1))
    (fp_line (start -1.6 -1.25) (end 1.6 -1.25) (layer Dwgs.User) (width 0.1))
    (fp_line (start -2.11 1.51) (end -2.11 -1.51) (layer Dwgs.User) (width 0.05))
    (fp_line (start 2.11 1.51) (end -2.11 1.51) (layer Dwgs.User) (width 0.05))
    (fp_line (start 2.11 -1.51) (end 2.11 1.51) (layer Dwgs.User) (width 0.05))
    (fp_line (start -2.11 -1.51) (end 2.11 -1.51) (layer Dwgs.User) (width 0.05))
    (pad 2 smd rect (at 1.35 0 270) (size 1.22 2.72) (layers F.Cu F.Paste F.Mask)
      (net 1 GND))
    (pad 1 smd rect (at -1.35 0 270) (size 1.22 2.72) (layers F.Cu F.Paste F.Mask)
      (net 7 /12V+))
  )

  (module SamacSys_Parts:CAPC3225X270N (layer F.Cu) (tedit 5E5A2049) (tstamp 5E5DDD06)
    (at 194 85.15 270)
    (descr 1210)
    (tags Capacitor)
    (path /5E5EC61F)
    (attr smd)
    (fp_text reference C10 (at 0 0 90) (layer F.SilkS)
      (effects (font (size 1.27 1.27) (thickness 0.254)))
    )
    (fp_text value EMK325BJ226KM-P (at 0 0 90) (layer F.SilkS) hide
      (effects (font (size 1.27 1.27) (thickness 0.254)))
    )
    (fp_line (start -2.11 -1.51) (end 2.11 -1.51) (layer Dwgs.User) (width 0.05))
    (fp_line (start 2.11 -1.51) (end 2.11 1.51) (layer Dwgs.User) (width 0.05))
    (fp_line (start 2.11 1.51) (end -2.11 1.51) (layer Dwgs.User) (width 0.05))
    (fp_line (start -2.11 1.51) (end -2.11 -1.51) (layer Dwgs.User) (width 0.05))
    (fp_line (start -1.6 -1.25) (end 1.6 -1.25) (layer Dwgs.User) (width 0.1))
    (fp_line (start 1.6 -1.25) (end 1.6 1.25) (layer Dwgs.User) (width 0.1))
    (fp_line (start 1.6 1.25) (end -1.6 1.25) (layer Dwgs.User) (width 0.1))
    (fp_line (start -1.6 1.25) (end -1.6 -1.25) (layer Dwgs.User) (width 0.1))
    (fp_line (start 0 -1.15) (end 0 1.15) (layer F.SilkS) (width 0.2))
    (pad 1 smd rect (at -1.35 0 270) (size 1.22 2.72) (layers F.Cu F.Paste F.Mask)
      (net 7 /12V+))
    (pad 2 smd rect (at 1.35 0 270) (size 1.22 2.72) (layers F.Cu F.Paste F.Mask)
      (net 1 GND))
  )

  (module SamacSys_Parts:DIOM7959X250N (layer F.Cu) (tedit 5E5A2283) (tstamp 5E5DDD28)
    (at 204.25 89.25 180)
    (descr B560C-13-F)
    (tags Diode)
    (path /5E5ED3DD)
    (attr smd)
    (fp_text reference D1 (at 0 0) (layer F.SilkS)
      (effects (font (size 1.27 1.27) (thickness 0.254)))
    )
    (fp_text value B560C-13-F (at 0 0) (layer F.SilkS) hide
      (effects (font (size 1.27 1.27) (thickness 0.254)))
    )
    (fp_line (start -4.065 3.11) (end 4.065 3.11) (layer Dwgs.User) (width 0.001))
    (fp_line (start 4.065 3.11) (end 4.065 -3.11) (layer Dwgs.User) (width 0.001))
    (fp_line (start 4.065 -3.11) (end -4.065 -3.11) (layer Dwgs.User) (width 0.001))
    (fp_line (start -4.065 -3.11) (end -4.065 3.11) (layer Dwgs.User) (width 0.001))
    (fp_line (start -4.85 3.4) (end 4.85 3.4) (layer Dwgs.User) (width 0.05))
    (fp_line (start 4.85 3.4) (end 4.85 -3.4) (layer Dwgs.User) (width 0.05))
    (fp_line (start 4.85 -3.4) (end -4.85 -3.4) (layer Dwgs.User) (width 0.05))
    (fp_line (start -4.85 -3.4) (end -4.85 3.4) (layer Dwgs.User) (width 0.05))
    (fp_line (start 0 0.5) (end 0 -0.5) (layer Dwgs.User) (width 0.05))
    (fp_line (start -0.5 0) (end 0.5 0) (layer Dwgs.User) (width 0.05))
    (fp_line (start -3.97 2.952) (end 3.97 2.952) (layer Dwgs.User) (width 0.1))
    (fp_line (start 3.97 2.952) (end 3.97 -2.952) (layer Dwgs.User) (width 0.1))
    (fp_line (start 3.97 -2.952) (end -3.97 -2.952) (layer Dwgs.User) (width 0.1))
    (fp_line (start -3.97 -2.952) (end -3.97 2.952) (layer Dwgs.User) (width 0.1))
    (fp_line (start -3.87 2.952) (end -3.87 -2.952) (layer Dwgs.User) (width 0.1))
    (fp_line (start -3.77 2.952) (end -3.77 -2.952) (layer Dwgs.User) (width 0.1))
    (fp_line (start -3.67 2.952) (end -3.67 -2.952) (layer Dwgs.User) (width 0.1))
    (fp_line (start -3.57 2.952) (end -3.57 -2.952) (layer Dwgs.User) (width 0.1))
    (fp_line (start -3.47 2.952) (end -3.47 -2.952) (layer Dwgs.User) (width 0.1))
    (fp_line (start -3.37 2.952) (end -3.37 -2.952) (layer Dwgs.User) (width 0.1))
    (fp_line (start -3.27 2.952) (end -3.27 -2.952) (layer Dwgs.User) (width 0.1))
    (fp_line (start -3.95 -1.9) (end -3.95 -2.95) (layer F.SilkS) (width 0.2))
    (fp_line (start -3.95 -2.95) (end 3.95 -2.95) (layer F.SilkS) (width 0.2))
    (fp_line (start 3.95 -2.95) (end 3.95 -1.9) (layer F.SilkS) (width 0.2))
    (fp_line (start -3.95 1.9) (end -3.95 2.95) (layer F.SilkS) (width 0.2))
    (fp_line (start -3.95 2.95) (end 3.95 2.95) (layer F.SilkS) (width 0.2))
    (fp_line (start 3.95 2.95) (end 3.95 1.9) (layer F.SilkS) (width 0.2))
    (fp_circle (center -5.1 0) (end -5.225 0) (layer F.SilkS) (width 0.254))
    (pad 1 smd rect (at -3.5 0 180) (size 2.2 3.1) (layers F.Cu F.Paste F.Mask)
      (net 3 "Net-(C5-Pad1)"))
    (pad 2 smd rect (at 3.5 0 180) (size 2.2 3.1) (layers F.Cu F.Paste F.Mask)
      (net 1 GND))
  )

  (module SamacSys_Parts:SOIC127P600X170-9N (layer F.Cu) (tedit 5E56CAEB) (tstamp 5E5DDD3F)
    (at 204.25 97.75)
    (descr DDA)
    (tags "Integrated Circuit")
    (path /5E5E3F7F)
    (attr smd)
    (fp_text reference IC1 (at 0 0) (layer F.SilkS)
      (effects (font (size 1.27 1.27) (thickness 0.254)))
    )
    (fp_text value TPS54560BDDAR (at 0 0) (layer F.SilkS) hide
      (effects (font (size 1.27 1.27) (thickness 0.254)))
    )
    (fp_line (start -3.725 -2.75) (end 3.725 -2.75) (layer Dwgs.User) (width 0.05))
    (fp_line (start 3.725 -2.75) (end 3.725 2.75) (layer Dwgs.User) (width 0.05))
    (fp_line (start 3.725 2.75) (end -3.725 2.75) (layer Dwgs.User) (width 0.05))
    (fp_line (start -3.725 2.75) (end -3.725 -2.75) (layer Dwgs.User) (width 0.05))
    (fp_line (start -1.95 -2.45) (end 1.95 -2.45) (layer Dwgs.User) (width 0.1))
    (fp_line (start 1.95 -2.45) (end 1.95 2.45) (layer Dwgs.User) (width 0.1))
    (fp_line (start 1.95 2.45) (end -1.95 2.45) (layer Dwgs.User) (width 0.1))
    (fp_line (start -1.95 2.45) (end -1.95 -2.45) (layer Dwgs.User) (width 0.1))
    (fp_line (start -1.95 -1.18) (end -0.68 -2.45) (layer Dwgs.User) (width 0.1))
    (fp_line (start -3.475 -2.58) (end -1.95 -2.58) (layer F.SilkS) (width 0.2))
    (pad 1 smd rect (at -2.712 -1.905 90) (size 0.65 1.525) (layers F.Cu F.Paste F.Mask)
      (net 4 "Net-(C5-Pad2)"))
    (pad 2 smd rect (at -2.712 -0.635 90) (size 0.65 1.525) (layers F.Cu F.Paste F.Mask)
      (net 2 "Net-(C1-Pad1)"))
    (pad 3 smd rect (at -2.712 0.635 90) (size 0.65 1.525) (layers F.Cu F.Paste F.Mask)
      (net 8 "Net-(IC1-Pad3)"))
    (pad 4 smd rect (at -2.712 1.905 90) (size 0.65 1.525) (layers F.Cu F.Paste F.Mask)
      (net 9 "Net-(IC1-Pad4)"))
    (pad 5 smd rect (at 2.712 1.905 90) (size 0.65 1.525) (layers F.Cu F.Paste F.Mask)
      (net 10 /FB))
    (pad 6 smd rect (at 2.712 0.635 90) (size 0.65 1.525) (layers F.Cu F.Paste F.Mask)
      (net 6 "Net-(C7-Pad1)"))
    (pad 7 smd rect (at 2.712 -0.635 90) (size 0.65 1.525) (layers F.Cu F.Paste F.Mask)
      (net 1 GND))
    (pad 8 smd rect (at 2.712 -1.905 90) (size 0.65 1.525) (layers F.Cu F.Paste F.Mask)
      (net 3 "Net-(C5-Pad1)"))
    (pad 9 smd rect (at 0 0) (size 2.4 3.1) (layers F.Cu F.Paste F.Mask)
      (net 1 GND))
  )

  (module SamacSys_Parts:INDPM140128X650N (layer F.Cu) (tedit 5E5A2193) (tstamp 5E5DDD4F)
    (at 204 79)
    (descr PA4343)
    (tags Inductor)
    (path /5E5DC5CA)
    (attr smd)
    (fp_text reference L1 (at 0 0) (layer F.SilkS)
      (effects (font (size 1.27 1.27) (thickness 0.254)))
    )
    (fp_text value PA4343.133NLT (at 0 0) (layer F.SilkS) hide
      (effects (font (size 1.27 1.27) (thickness 0.254)))
    )
    (fp_line (start -7.825 -6.65) (end 7.825 -6.65) (layer Dwgs.User) (width 0.05))
    (fp_line (start 7.825 -6.65) (end 7.825 6.65) (layer Dwgs.User) (width 0.05))
    (fp_line (start 7.825 6.65) (end -7.825 6.65) (layer Dwgs.User) (width 0.05))
    (fp_line (start -7.825 6.65) (end -7.825 -6.65) (layer Dwgs.User) (width 0.05))
    (fp_line (start -7 -6.4) (end 7 -6.4) (layer Dwgs.User) (width 0.1))
    (fp_line (start 7 -6.4) (end 7 6.4) (layer Dwgs.User) (width 0.1))
    (fp_line (start 7 6.4) (end -7 6.4) (layer Dwgs.User) (width 0.1))
    (fp_line (start -7 6.4) (end -7 -6.4) (layer Dwgs.User) (width 0.1))
    (fp_line (start 7 -6.4) (end -7 -6.4) (layer F.SilkS) (width 0.2))
    (fp_line (start -7 6.4) (end 7 6.4) (layer F.SilkS) (width 0.2))
    (pad 1 smd rect (at -5.9 0) (size 3.35 4.75) (layers F.Cu F.Paste F.Mask)
      (net 3 "Net-(C5-Pad1)"))
    (pad 2 smd rect (at 5.9 0) (size 3.35 4.75) (layers F.Cu F.Paste F.Mask)
      (net 7 /12V+))
  )

  (module Resistor_SMD:R_0603_1608Metric (layer F.Cu) (tedit 5B301BBD) (tstamp 5E5DDD60)
    (at 169.675001 79.425001)
    (descr "Resistor SMD 0603 (1608 Metric), square (rectangular) end terminal, IPC_7351 nominal, (Body size source: http://www.tortai-tech.com/upload/download/2011102023233369053.pdf), generated with kicad-footprint-generator")
    (tags resistor)
    (path /5E5E3F91)
    (attr smd)
    (fp_text reference R1 (at 0 -1.43) (layer F.SilkS)
      (effects (font (size 1 1) (thickness 0.15)))
    )
    (fp_text value 1050k (at 0 1.43) (layer F.Fab)
      (effects (font (size 1 1) (thickness 0.15)))
    )
    (fp_line (start -0.8 0.4) (end -0.8 -0.4) (layer F.Fab) (width 0.1))
    (fp_line (start -0.8 -0.4) (end 0.8 -0.4) (layer F.Fab) (width 0.1))
    (fp_line (start 0.8 -0.4) (end 0.8 0.4) (layer F.Fab) (width 0.1))
    (fp_line (start 0.8 0.4) (end -0.8 0.4) (layer F.Fab) (width 0.1))
    (fp_line (start -0.162779 -0.51) (end 0.162779 -0.51) (layer F.SilkS) (width 0.12))
    (fp_line (start -0.162779 0.51) (end 0.162779 0.51) (layer F.SilkS) (width 0.12))
    (fp_line (start -1.48 0.73) (end -1.48 -0.73) (layer F.CrtYd) (width 0.05))
    (fp_line (start -1.48 -0.73) (end 1.48 -0.73) (layer F.CrtYd) (width 0.05))
    (fp_line (start 1.48 -0.73) (end 1.48 0.73) (layer F.CrtYd) (width 0.05))
    (fp_line (start 1.48 0.73) (end -1.48 0.73) (layer F.CrtYd) (width 0.05))
    (fp_text user %R (at 0 0) (layer F.Fab)
      (effects (font (size 0.4 0.4) (thickness 0.06)))
    )
    (pad 1 smd roundrect (at -0.7875 0) (size 0.875 0.95) (layers F.Cu F.Paste F.Mask) (roundrect_rratio 0.25)
      (net 2 "Net-(C1-Pad1)"))
    (pad 2 smd roundrect (at 0.7875 0) (size 0.875 0.95) (layers F.Cu F.Paste F.Mask) (roundrect_rratio 0.25)
      (net 8 "Net-(IC1-Pad3)"))
    (model ${KISYS3DMOD}/Resistor_SMD.3dshapes/R_0603_1608Metric.wrl
      (at (xyz 0 0 0))
      (scale (xyz 1 1 1))
      (rotate (xyz 0 0 0))
    )
  )

  (module Resistor_SMD:R_0603_1608Metric (layer F.Cu) (tedit 5B301BBD) (tstamp 5E5DDD71)
    (at 172.225001 81.935001)
    (descr "Resistor SMD 0603 (1608 Metric), square (rectangular) end terminal, IPC_7351 nominal, (Body size source: http://www.tortai-tech.com/upload/download/2011102023233369053.pdf), generated with kicad-footprint-generator")
    (tags resistor)
    (path /5E5E3F85)
    (attr smd)
    (fp_text reference R2 (at 0 -1.43) (layer F.SilkS)
      (effects (font (size 1 1) (thickness 0.15)))
    )
    (fp_text value 80.6k (at 0 1.43) (layer F.Fab)
      (effects (font (size 1 1) (thickness 0.15)))
    )
    (fp_text user %R (at 0 0) (layer F.Fab)
      (effects (font (size 0.4 0.4) (thickness 0.06)))
    )
    (fp_line (start 1.48 0.73) (end -1.48 0.73) (layer F.CrtYd) (width 0.05))
    (fp_line (start 1.48 -0.73) (end 1.48 0.73) (layer F.CrtYd) (width 0.05))
    (fp_line (start -1.48 -0.73) (end 1.48 -0.73) (layer F.CrtYd) (width 0.05))
    (fp_line (start -1.48 0.73) (end -1.48 -0.73) (layer F.CrtYd) (width 0.05))
    (fp_line (start -0.162779 0.51) (end 0.162779 0.51) (layer F.SilkS) (width 0.12))
    (fp_line (start -0.162779 -0.51) (end 0.162779 -0.51) (layer F.SilkS) (width 0.12))
    (fp_line (start 0.8 0.4) (end -0.8 0.4) (layer F.Fab) (width 0.1))
    (fp_line (start 0.8 -0.4) (end 0.8 0.4) (layer F.Fab) (width 0.1))
    (fp_line (start -0.8 -0.4) (end 0.8 -0.4) (layer F.Fab) (width 0.1))
    (fp_line (start -0.8 0.4) (end -0.8 -0.4) (layer F.Fab) (width 0.1))
    (pad 2 smd roundrect (at 0.7875 0) (size 0.875 0.95) (layers F.Cu F.Paste F.Mask) (roundrect_rratio 0.25)
      (net 1 GND))
    (pad 1 smd roundrect (at -0.7875 0) (size 0.875 0.95) (layers F.Cu F.Paste F.Mask) (roundrect_rratio 0.25)
      (net 8 "Net-(IC1-Pad3)"))
    (model ${KISYS3DMOD}/Resistor_SMD.3dshapes/R_0603_1608Metric.wrl
      (at (xyz 0 0 0))
      (scale (xyz 1 1 1))
      (rotate (xyz 0 0 0))
    )
  )

  (module Resistor_SMD:R_0603_1608Metric (layer F.Cu) (tedit 5B301BBD) (tstamp 5E5DDD82)
    (at 173.685001 79.425001)
    (descr "Resistor SMD 0603 (1608 Metric), square (rectangular) end terminal, IPC_7351 nominal, (Body size source: http://www.tortai-tech.com/upload/download/2011102023233369053.pdf), generated with kicad-footprint-generator")
    (tags resistor)
    (path /5E61A00A)
    (attr smd)
    (fp_text reference R3 (at 0 -1.43) (layer F.SilkS)
      (effects (font (size 1 1) (thickness 0.15)))
    )
    (fp_text value 162k (at 0 1.43) (layer F.Fab)
      (effects (font (size 1 1) (thickness 0.15)))
    )
    (fp_line (start -0.8 0.4) (end -0.8 -0.4) (layer F.Fab) (width 0.1))
    (fp_line (start -0.8 -0.4) (end 0.8 -0.4) (layer F.Fab) (width 0.1))
    (fp_line (start 0.8 -0.4) (end 0.8 0.4) (layer F.Fab) (width 0.1))
    (fp_line (start 0.8 0.4) (end -0.8 0.4) (layer F.Fab) (width 0.1))
    (fp_line (start -0.162779 -0.51) (end 0.162779 -0.51) (layer F.SilkS) (width 0.12))
    (fp_line (start -0.162779 0.51) (end 0.162779 0.51) (layer F.SilkS) (width 0.12))
    (fp_line (start -1.48 0.73) (end -1.48 -0.73) (layer F.CrtYd) (width 0.05))
    (fp_line (start -1.48 -0.73) (end 1.48 -0.73) (layer F.CrtYd) (width 0.05))
    (fp_line (start 1.48 -0.73) (end 1.48 0.73) (layer F.CrtYd) (width 0.05))
    (fp_line (start 1.48 0.73) (end -1.48 0.73) (layer F.CrtYd) (width 0.05))
    (fp_text user %R (at 0 0) (layer F.Fab)
      (effects (font (size 0.4 0.4) (thickness 0.06)))
    )
    (pad 1 smd roundrect (at -0.7875 0) (size 0.875 0.95) (layers F.Cu F.Paste F.Mask) (roundrect_rratio 0.25)
      (net 9 "Net-(IC1-Pad4)"))
    (pad 2 smd roundrect (at 0.7875 0) (size 0.875 0.95) (layers F.Cu F.Paste F.Mask) (roundrect_rratio 0.25)
      (net 1 GND))
    (model ${KISYS3DMOD}/Resistor_SMD.3dshapes/R_0603_1608Metric.wrl
      (at (xyz 0 0 0))
      (scale (xyz 1 1 1))
      (rotate (xyz 0 0 0))
    )
  )

  (module Resistor_SMD:R_0603_1608Metric (layer F.Cu) (tedit 5B301BBD) (tstamp 5E5DDD93)
    (at 163.105001 91.245001)
    (descr "Resistor SMD 0603 (1608 Metric), square (rectangular) end terminal, IPC_7351 nominal, (Body size source: http://www.tortai-tech.com/upload/download/2011102023233369053.pdf), generated with kicad-footprint-generator")
    (tags resistor)
    (path /5E60455A)
    (attr smd)
    (fp_text reference R4 (at 0 -1.43) (layer F.SilkS)
      (effects (font (size 1 1) (thickness 0.15)))
    )
    (fp_text value 13k (at 0 1.43) (layer F.Fab)
      (effects (font (size 1 1) (thickness 0.15)))
    )
    (fp_text user %R (at 0 0) (layer F.Fab)
      (effects (font (size 0.4 0.4) (thickness 0.06)))
    )
    (fp_line (start 1.48 0.73) (end -1.48 0.73) (layer F.CrtYd) (width 0.05))
    (fp_line (start 1.48 -0.73) (end 1.48 0.73) (layer F.CrtYd) (width 0.05))
    (fp_line (start -1.48 -0.73) (end 1.48 -0.73) (layer F.CrtYd) (width 0.05))
    (fp_line (start -1.48 0.73) (end -1.48 -0.73) (layer F.CrtYd) (width 0.05))
    (fp_line (start -0.162779 0.51) (end 0.162779 0.51) (layer F.SilkS) (width 0.12))
    (fp_line (start -0.162779 -0.51) (end 0.162779 -0.51) (layer F.SilkS) (width 0.12))
    (fp_line (start 0.8 0.4) (end -0.8 0.4) (layer F.Fab) (width 0.1))
    (fp_line (start 0.8 -0.4) (end 0.8 0.4) (layer F.Fab) (width 0.1))
    (fp_line (start -0.8 -0.4) (end 0.8 -0.4) (layer F.Fab) (width 0.1))
    (fp_line (start -0.8 0.4) (end -0.8 -0.4) (layer F.Fab) (width 0.1))
    (pad 2 smd roundrect (at 0.7875 0) (size 0.875 0.95) (layers F.Cu F.Paste F.Mask) (roundrect_rratio 0.25)
      (net 5 "Net-(C6-Pad1)"))
    (pad 1 smd roundrect (at -0.7875 0) (size 0.875 0.95) (layers F.Cu F.Paste F.Mask) (roundrect_rratio 0.25)
      (net 6 "Net-(C7-Pad1)"))
    (model ${KISYS3DMOD}/Resistor_SMD.3dshapes/R_0603_1608Metric.wrl
      (at (xyz 0 0 0))
      (scale (xyz 1 1 1))
      (rotate (xyz 0 0 0))
    )
  )

  (module Resistor_SMD:R_0603_1608Metric (layer F.Cu) (tedit 5B301BBD) (tstamp 5E5DDDA4)
    (at 172.225001 89.465001)
    (descr "Resistor SMD 0603 (1608 Metric), square (rectangular) end terminal, IPC_7351 nominal, (Body size source: http://www.tortai-tech.com/upload/download/2011102023233369053.pdf), generated with kicad-footprint-generator")
    (tags resistor)
    (path /5E6060DF)
    (attr smd)
    (fp_text reference R5 (at 0 -1.43) (layer F.SilkS)
      (effects (font (size 1 1) (thickness 0.15)))
    )
    (fp_text value 143k (at 0 1.43) (layer F.Fab)
      (effects (font (size 1 1) (thickness 0.15)))
    )
    (fp_line (start -0.8 0.4) (end -0.8 -0.4) (layer F.Fab) (width 0.1))
    (fp_line (start -0.8 -0.4) (end 0.8 -0.4) (layer F.Fab) (width 0.1))
    (fp_line (start 0.8 -0.4) (end 0.8 0.4) (layer F.Fab) (width 0.1))
    (fp_line (start 0.8 0.4) (end -0.8 0.4) (layer F.Fab) (width 0.1))
    (fp_line (start -0.162779 -0.51) (end 0.162779 -0.51) (layer F.SilkS) (width 0.12))
    (fp_line (start -0.162779 0.51) (end 0.162779 0.51) (layer F.SilkS) (width 0.12))
    (fp_line (start -1.48 0.73) (end -1.48 -0.73) (layer F.CrtYd) (width 0.05))
    (fp_line (start -1.48 -0.73) (end 1.48 -0.73) (layer F.CrtYd) (width 0.05))
    (fp_line (start 1.48 -0.73) (end 1.48 0.73) (layer F.CrtYd) (width 0.05))
    (fp_line (start 1.48 0.73) (end -1.48 0.73) (layer F.CrtYd) (width 0.05))
    (fp_text user %R (at 0 0) (layer F.Fab)
      (effects (font (size 0.4 0.4) (thickness 0.06)))
    )
    (pad 1 smd roundrect (at -0.7875 0) (size 0.875 0.95) (layers F.Cu F.Paste F.Mask) (roundrect_rratio 0.25)
      (net 7 /12V+))
    (pad 2 smd roundrect (at 0.7875 0) (size 0.875 0.95) (layers F.Cu F.Paste F.Mask) (roundrect_rratio 0.25)
      (net 10 /FB))
    (model ${KISYS3DMOD}/Resistor_SMD.3dshapes/R_0603_1608Metric.wrl
      (at (xyz 0 0 0))
      (scale (xyz 1 1 1))
      (rotate (xyz 0 0 0))
    )
  )

  (module Resistor_SMD:R_0603_1608Metric (layer F.Cu) (tedit 5B301BBD) (tstamp 5E5DDDB5)
    (at 171.125001 91.975001)
    (descr "Resistor SMD 0603 (1608 Metric), square (rectangular) end terminal, IPC_7351 nominal, (Body size source: http://www.tortai-tech.com/upload/download/2011102023233369053.pdf), generated with kicad-footprint-generator")
    (tags resistor)
    (path /5E606275)
    (attr smd)
    (fp_text reference R6 (at 0 -1.43) (layer F.SilkS)
      (effects (font (size 1 1) (thickness 0.15)))
    )
    (fp_text value 10.2k (at 0 1.43) (layer F.Fab)
      (effects (font (size 1 1) (thickness 0.15)))
    )
    (fp_text user %R (at 0 0) (layer F.Fab)
      (effects (font (size 0.4 0.4) (thickness 0.06)))
    )
    (fp_line (start 1.48 0.73) (end -1.48 0.73) (layer F.CrtYd) (width 0.05))
    (fp_line (start 1.48 -0.73) (end 1.48 0.73) (layer F.CrtYd) (width 0.05))
    (fp_line (start -1.48 -0.73) (end 1.48 -0.73) (layer F.CrtYd) (width 0.05))
    (fp_line (start -1.48 0.73) (end -1.48 -0.73) (layer F.CrtYd) (width 0.05))
    (fp_line (start -0.162779 0.51) (end 0.162779 0.51) (layer F.SilkS) (width 0.12))
    (fp_line (start -0.162779 -0.51) (end 0.162779 -0.51) (layer F.SilkS) (width 0.12))
    (fp_line (start 0.8 0.4) (end -0.8 0.4) (layer F.Fab) (width 0.1))
    (fp_line (start 0.8 -0.4) (end 0.8 0.4) (layer F.Fab) (width 0.1))
    (fp_line (start -0.8 -0.4) (end 0.8 -0.4) (layer F.Fab) (width 0.1))
    (fp_line (start -0.8 0.4) (end -0.8 -0.4) (layer F.Fab) (width 0.1))
    (pad 2 smd roundrect (at 0.7875 0) (size 0.875 0.95) (layers F.Cu F.Paste F.Mask) (roundrect_rratio 0.25)
      (net 1 GND))
    (pad 1 smd roundrect (at -0.7875 0) (size 0.875 0.95) (layers F.Cu F.Paste F.Mask) (roundrect_rratio 0.25)
      (net 10 /FB))
    (model ${KISYS3DMOD}/Resistor_SMD.3dshapes/R_0603_1608Metric.wrl
      (at (xyz 0 0 0))
      (scale (xyz 1 1 1))
      (rotate (xyz 0 0 0))
    )
  )

  (gr_line (start 118.5 70.25) (end 118.5 113.25) (layer Edge.Cuts) (width 0.05) (tstamp 5E5DD9F6))
  (gr_line (start 139.5 70.25) (end 118.5 70.25) (layer Edge.Cuts) (width 0.05))
  (gr_line (start 139.5 113.25) (end 139.5 70.25) (layer Edge.Cuts) (width 0.05))
  (gr_line (start 118.5 113.25) (end 139.5 113.25) (layer Edge.Cuts) (width 0.05))

)
